1000
-3990 8031
4094 -7717
-3150 -9449
-8346 -5037
4890 -5329
-7167 7319
-9223 1151
1092 915
384 9972
7555 2666
5637 5731
6013 6859
-1784 3468
8043 4130
-9971 7726
817 2452
7357 -9109
-7326 6842
-1835 -5504
-7692 -5437
1328 3985
-8044 4688
-5935 -166
8322 -6214
-9822 8173
4520 -6439
684 -9128
-9745 -9234
1118 3355
-1115 -5706
2883 -2531
-7592 6044
-4229 4952
-7505 -2514
1278 -7346
-4399 -4377
-4311 7068
1205 3616
-332 -3357
7568 -8476
-7789 -5728
455 -996
5832 -4865
-5775 -8505
-5514 1097
930 2791
-2807 -8420
-5259 -6957
-870 6210
7450 -11
-32 -2457
1449 1986
5959 -4484
4187 -9800
-580 -1739
-5216 -6828
8336 2647
5580 -5621
776 -8852
-6555 336
1009 666
-9182 -9907
7918 -7426
-4639 3722
8805 -4765
-5475 3576
-452 -3717
6488 -535
-1604 -4811
3206 -1562
-7047 7679
-8143 4391
1993 -5201
4398 -6805
-414 7578
-8446 3482
8085 1894
3321 -1217
5169 -6854
-2923 -8768
2516 -3632
-2076 2592
5415 5065
-4804 3227
-1499 -6858
-2935 -8804
-6411 -1594
-4781 3296
9889 -1513
4281 1663
2628 7885
1294 3883
9288 -3316
-1128 5436
-6053 -9339
9622 8867
-4579 6264
-3569 6932
9616 8849
4186 -9803
-589 -4128
-3564 6947
842 -8654
2858 8575
3364 -9907
-9720 8479
5438 -3685
-2235 -9066
-9559 8962
-4294 7119
-9823 -9468
-8403 -7570
6110 -1669
-7368 -4465
-4575 -4905
2924 6411
-3128 -9383
-8148 -6805
8405 2854
-2618 -7853
5261 4603
-8552 -5655
3036 6747
-2120 -8721
2657 5610
-3169 -9506
9121 -3817
-2631 9746
-1942 -8187
-6922 8054
4163 -7510
6290 -1129
-3386 7481
82 -2115
-8706 -8479
-5436 3693
-101 -302
-905 6105
7135 -9775
-505 7305
-446 -1337
-4010 -3210
8009 1666
-6182 -9726
8461 -5797
2610 -3350
9951 -1327
-6342 -1387
4659 -6022
-427 -1280
4980 3760
8919 -4423
-4449 4292
-7123 -1368
-4103 7692
715 -9035
-7104 -1311
-3932 5843
-2470 -9771
8326 2617
7852 3557
-9328 9655
6604 -2549
1173 1158
-7706 -3117
8288 2503
7510 -8650
-8311 3887
9300 -3280
7799 1036
-8072 4604
2632 7897
-7489 6353
7879 1276
1467 2040
-5060 2459
5016 -4951
5148 -6917
-3112 -516
-3909 8274
2461 7384
-9028 -9445
9304 -3268
-9803 -9408
9415 8246
-6442 -1687
-7422 -2265
-6794 -2743
591 -9407
599 -9383
9490 6109
-4034 5537
-5750 389
9987 7600
-8380 -5139
4584 -6247
1260 1419
4258 1594
4783 -5650
689 -9113
-9700 -280
7980 -7240
7100 -9880
-820 -4821
5538 -3385
9846 9539
6256 -3593
-1959 -8238
-4713 5862
-2413 -9600
20 -2301
-9264 1028
723 -192
-2937 8828
4123 1189
3568 -476
-3789 8634
-5278 -7014
7778 3335
-9994 -9981
7696 3089
6906 9538
-2566 -7697
-3090 -9269
1013 -8141
4397 2011
-5147 -6621
138 -1947
-8202 -4605
6186 7378
2135 6406
-3143 -9428
536 1609
-6353 942
465 -9785
-9354 9577
6370 -889
-5028 2555
-3515 9456
6007 6841
9343 5668
5824 -2527
1239 -7463
-4750 -5430
3711 8772
-4864 -5772
2685 8056
-7012 -1035
5715 -2854
258 775
-8855 -6564
-2053 -8520
-5559 -7857
-3570 6929
788 3
8829 6488
-535 -1604
-4811 3206
9619 6496
-511 -1532
-4595 6216
7468 -8776
2492 7477
2432 -3884
5987 -2038
-6113 -9519
263 9609
-2353 -7058
-3535 7034
-1259 -6138
-775 -4686
-5238 -6894
-3043 -309
7893 1318
3955 -8134
4418 2074
3861 9222
5305 -4084
5387 -3838
-2694 -8081
-6604 9008
-4156 7533
-8581 -8104
-4311 7068
-1157 -3470
-1590 -4769
3332 -1184
-5913 -8919
-9118 1466
4399 -9164
-7491 -4834
-5682 -8226
-4677 3608
8463 5390
4990 -7391
6647 -58
8646 5939
6637 8731
-4987 -6141
1578 4735
-5794 2619
5496 -5873
-8799 2423
-3911 8268
2443 4968
-5095 -6465
-1756 -5267
1838 -5666
3003 -2171
2307 -4259
7224 1673
5020 -4939
-5997 -9171
-9874 -802
6414 -757
6549 -352
7764 3293
-1301 4917
-7610 5990
-2029 -6086
1743 5230
-4309 4712
-8225 4145
-9926 -9777
-511 -1532
-4595 6216
-1351 -4052
7845 3536
-9391 -8172
-6877 8189
4568 2524
5211 -4366
-4278 7167
1502 2145
4074 -7777
5489 -5894
-43 -2490
-7469 -4768
3335 -1175
-3524 9429
5926 -4583
-4929 -5967
-9081 -9604
8827 4120
9999 7636
2909 -2453
1461 4384
-9209 1193
3580 -9259
9862 7225
-9505 305
-1446 -6699
-96 -2649
9692 9077
-3949 8154
-6718 -153
8361 -6097
1710 2769
8308 2563
7690 3071
-1967 2919
6396 8008
-7156 -3829
-2667 9638
6553 8479
-5743 2772
-2864 228
9504 6151
-1546 4182
1366 -7082
-1245 -3734
8799 -4783
-5529 3414
7881 -7537
-4972 5085
-4744 3407
-9778 -514
-3903 8292
4877 -5368
3897 511
-9647 -121
-2724 9467
8402 5207
-6740 -2581
1077 -7949
-3846 6101
7123 1370
4111 9972
9917 -1429
-4286 -4038
5525 5395
5005 3835
-8494 3338
7653 2960
-2300 -6899
-696 -2087
2559 7678
-8146 -4437
6690 8890
4309 -7072
7604 -8368
-5103 -6489
-1828 3336
-9991 7666
2999 8998
4633 -8462
-7747 -5602
3195 -1595
-4784 5649
-5414 1397
-6989 7853
-7621 5957
-2128 -8745
2585 5394
-6179 -9717
-331 -992
-5337 1628
-6296 1113
3340 7659
-8203 4211
1453 4360
-6919 -3118
8285 2494
-3698 8907
4360 1900
3339 7656
2969 -2273
-6818 -2815
-8444 -5331
4008 9663
6628 -2477
1389 1806
3057 -2009
2793 6018
-1945 -8196
-6949 7973
1558 2313
4578 2554
-3518 -1734
-5201 2036
6109 7147
-9739 -397
-1190 -3569
9294 7883
3650 -230
-3051 -9152
1364 4093
9918 -1426
-4277 -4011
5606 -5543
1010 669
2008 6025
-4286 -4038
5525 -5786
2643 7930
-7390 6650
-2411 1587
4762 -5713
-8319 -4956
5133 -6962
-885 -5016
-6228 -9864
8047 -7039
7703 748
-8936 -6807
-2782 9293
7880 -7540
-4981 5058
-7187 -1560
-7041 -1122
5454 -5999
-358 -1073
-5580 3261
9784 9353
5698 5914
6562 -2675
-8024 -6433
-1660 -7341
-2022 2754
5901 -2296
1932 3435
-875 -4986
-6138 -775
-4686 5943
-2170 -6509
9293 5518
5374 -3877
8370 -6070
1791 -5807
-8601 -5802
2595 -3395
9816 9449
5986 -2041
-6122 -9546
9001 7004
9832 9497
8492 -5704
527 -780
-2339 -7016
-1047 5679
-5324 1667
5002 3826
298 -1467
4419 -6742
-225 8145
-6745 -2596
1032 735
2206 6619
-2504 1308
3925 -8224
-4671 -5193
2060 -5000
-6180 1461
-6797 -390
-1169 5313
-6422 -1627
3939 9456
6007 -1978
-5933 2202
6607 8641
-5257 -6951
7967 1540
-6560 -2041
-6122 -9546
-8637 -8272
4004 9651
6592 8596
-5392 1463
2028 6085
7075 -1136
-5769 -8487
-7822 5354
-6299 9923
-1411 -6594
219 9477
-2749 9392
5815 6265
-3566 9303
-3271 -9812
-9435 515
-816 6372
7936 3809
-8572 -5715
494 -879
6183 -1450
-4349 -4227
-3861 6056
-4193 5060
4000 820
2461 5022
-4933 -5979
2064 6193
-1420 4560
-6319 -1318
-6315 1056
3169 9508
-2656 852
195 -1776
-7689 -3066
8441 5324
4792 -5623
3132 7035
1106 3319
9958 7513
178 -1827
3339 -1163
-5850 89
-2094 -8643
-8290 3950
-8149 4373
-6880 -639
-4278 -4014
5597 -5570
3291 -1307
-3920 -2940
8819 6458
-2987 8678
6035 -4256
-3948 8157
-6709 -126
-377 -1130
5430 5110
-7031 -1092
-5637 3090
9271 -3367
-1281 -3842
-2706 -8117
4469 2227
4320 1780
-5840 -8700
2720 8161
2122 -4814
-5622 773
-8861 -6582
255 9585
6394 -3179
8102 4307
-7078 7586
397 -1170
-3509 9474
-2758 9365
8096 -6892
-675 6795
9205 -3565
6944 -1529
-6948 -843
6291 7693
-8101 -6664
8828 6485
8275 -6355
9755 9266
5437 -6050
-9330 -7989
-3966 5741
-2776 -8327
-4980 -6120
-9540 200
9420 5899
-2302 -9267
-7800 -3399
-1377 -4130
-3570 9291
5512 5356
-3931 5846
6358 -925
6045 -1864
-7953 -3858
8427 5282
4666 -6001
-364 -1091
5547 5461
5203 4429
-9074 -9583
71 214
-1719 -7518
6266 7618
493 -882
6174 -3839
6122 7186
1559 4678
-5965 -9075
-9586 8881
6644 8752
3895 505
-9665 -8994
-6981 -3304
-1092 -5637
3090 -1910
3090 6909
728 -177
-2892 144
9252 5395
5005 3835
-8494 3338
7653 2960
-2300 -6899
8123 2008
-5156 4533
-8762 2534
7603 448
-1017 -5412
3765 -8704
2708 5763
-5072 4785
-5644 3069
9208 -3556
6971 9733
6838 9334
5641 -5438
-7494 6338
7834 -7678
-5395 -7365
-2094 -8643
-5928 -8964
1928 -5396
-7368 -2103
-6308 -1285
-3854 8439
2956 8869
6608 -175
-524 7248
-9436 -8307
3899 517
1552 -6524
-1933 -8160
-4479 4202
-7393 -2178
2286 -4322
-4146 7563
328 -1377
4689 -8294
-4881 2996
8989 6968
905 354
-1299 4923
3589 -9232
-7695 5735
-5156 2171
4152 -9905
-9714 -9141
-7422 -2265
-9156 1352
1695 -6095
-646 -1937
3009 -2153
-6458 627
-9299 923
2770 8311
4934 -7559
-2676 9611
-2347 -9402
614 -9338
806 57
172 -1845
3285 7494
121 -1998
-5993 2022
3705 8754
-4918 5247
-6620 -2221
-6662 -2347
-7040 -1119
-5718 -8334
-5001 4998
-5005 -6195
1416 -6932
8024 -7108
-3685 6584
-247 -740
6600 -199
-596 7032
-1265 -6156
1533 2238
4353 1879
5638 5734
-5159 -6657
-2332 1824
-5708 -8304
3908 544
-729 6633
-2462 1434
1941 3462
8025 -7105
7505 -8665
-5994 2019
3696 -92
-2637 -7910
-3729 -2367
-9462 9253
5398 -6167
-9681 -223
8151 2092
-4904 2927
-2399 1623
2508 -3656
9033 4738
3034 9103
-3871 6026
-4283 7152
1457 2010
3669 -173
8301 4904
3532 -584
-1751 -7614
-2841 297
892 315
9765 9296
-3292 -1056
-3167 -681
6777 332
9816 -1732
-7557 -5032
4905 -5284
-7032 -3457
9630 8891
4312 -9425
-8274 3998
9633 -2281
-6842 -525
-3936 5831
-4868 -5784
287 862
-8594 3038
9115 -3835
8496 -5692
2925 -2405
-9576 8911
6734 203
9429 8288
2503 7510
-8650 2870
6249 -3614
9159 -3703
-2289 1953
5860 6400
8020 4061
9822 7105
-9865 -775
-2324 1848
5545 -5726
2823 8470
3049 6786
9178 7535
2606 7819
3458 8013
-7141 -1422
-6627 8939
4456 -8993
-6978 -3295
-1065 5625
5695 5905
-4646 -5118
4647 2761
8284 4853
-7802 -5767
2700 5739
-5144 -6612
165 -1866
3222 9667
-2179 -6536
393 1180
3541 -9376
9511 -2647
9698 6733
9019 7058
9994 9983
9950 -1330
4830 3310
-1250 5070
-4789 3272
9817 9452
8357 -6109
1674 2661
7984 -7228
-1683 -7410
6590 -229
-3048 -324
-3333 -1179
-3536 7031
9913 7378
-227 8139
2056 -5012
-6216 -1009
-5388 1475
4426 -9083
1571 4714
-8219 4163
1309 3928
-8215 -4644
-5112 4665
-8366 -7459
-4738 -5394
-7362 6734
-2159 2343
7030 9910
9731 9194
-3598 6845
9355 -3115
8294 4883
-7712 5684
-5309 4074
-7777 -3330
-1170 -5871
26 79
238 9534
8603 5810
-2569 9932
7435 -56
-167 8319
4958 3694
-8917 -9112
-7335 -4366
6903 -1652
-7317 -4312
-4116 -3528
9417 8252
-6424 729
2188 6565
-2666 -7997
-6352 -1417
-4250 4889
-7694 -5443
-7509 -4888
2975 6564
-307 -3282
-1026 -3077
-9230 9949
9848 -1636
3912 9375
-3055 -345
7785 -7825
-3474 9579
6376 -871
-2612 -7835
-5866 -8778
2486 7459
-8803 -6408
9596 8789
-4813 3200
9601 -2377
-7130 -1389
4653 -6040
1881 3282
-1334 -6363
912 375
1126 3379
7776 -7852
-5917 -112
-2697 9548
6283 -3512
-1716 3672
-8983 -9310
-7929 -6148
-805 6405
-784 6468
8224 2311
-4247 -3921
-2943 -9
8793 -4801
3236 -1472
4404 2032
-5084 -6432
705 2116
-4832 3143
7068 -9976
-9927 -9780
8299 4898
3514 -638
6906 719
2158 4113
9978 9935
7444 2333
7000 1001
3004 6651
-46 -2499
1323 3970
-8089 -6628
-2245 -6734
8618 3493
8118 1993
3618 -326
-977 -2930
-8789 -8728
-8545 -5634
3099 9298
5533 -5762
2715 -3035
-9104 1508
-6656 33
-2262 -9147
-7440 -4681
3596 -392
-3537 -1791
-7734 5618
5674 -5339
-7197 -3952
5783 6169
-1492 -6837
-510 -3891
5966 6718
-2207 2199
6598 -2567
1119 996
627 1882
3285 7494
-8698 -6093
1722 5167
-4498 6507
8341 2662
7987 3962
706 -243
-728 6636
-91 -272
8004 -7168
-3865 -2775
495 -9695
-265 -3156
8171 4514
-8819 -6456
9452 5995
-2014 -6041
-484 7368
-9076 1592
-6404 -1573
-4718 3485
-9544 9007
-4159 7524
211 -1728
-7545 6185
7375 -236
-707 6699
8917 4390
-6829 -486
-3819 -2637
9728 -1996
-5987 -9141
-9784 -532
-1595 -4784
5649 -3052
-336 -3369
