10
641
-99052 16124
-98960 52951
-98509 65638
-98067 -26483
-97781 -31626
-97344 -53023
-97285 -97882
-97272 -25814
-97234 76922
-97178 -88964
-96773 -21904
-96678 -65585
-96346 51482
-95641 -7939
-95388 -12153
-95203 -53704
-94809 15033
-94672 55714
-94131 65612
-93938 -90681
-93771 11426
-93348 -94647
-93319 70269
-93233 -64253
-93192 48354
-93046 72487
-92683 17764
-91661 -49188
-90725 40491
-90580 86656
-89969 13318
-89713 -61343
-89648 -97830
-88690 54748
-88009 7464
-87669 -89220
-86919 -79916
-86665 -1552
-86301 -70641
-86270 -49391
-86239 54313
-86083 16465
-85766 29563
-85062 36737
-84725 -25559
-83474 14289
-83422 -30777
-83135 5823
-83001 -99499
-82869 -9820
-82746 72065
-82047 36578
-81402 10173
-81312 81538
-81177 61040
-81029 -65185
-81001 -12177
-80892 86829
-80542 -99281
-80400 8916
-79887 -23071
-79817 18934
-78250 -19896
-78132 -7725
-77951 -82766
-77837 31004
-77647 51479
-77186 22687
-77139 -78007
-76868 69833
-76836 67784
-76325 95143
-76102 -25850
-75505 -69173
-74731 42280
-74445 -26350
-73887 16607
-73803 -33530
-73760 83763
-73654 -98987
-72830 57144
-71708 -19792
-71315 28621
-71295 -60263
-71254 -7872
-70568 -6847
-70453 -39100
-70341 -77073
-70264 -85729
-70075 -81553
-69691 -89241
-69489 -96076
-69363 26695
-68996 66378
-68802 11583
-68763 -87460
-68487 -62317
-67955 95922
-67647 -45132
-67324 55463
-66849 -49743
-66461 33425
-66378 33379
-66220 -42503
-66163 -4835
-65837 -48691
-65711 -12673
-65646 -43875
-65624 43223
-65385 -85245
-65316 86852
-65140 -715
-64638 38586
-64105 -22491
-63359 -26569
-63330 40818
-62399 62341
-62178 43588
-62094 -53943
-61942 5442
-61830 -10473
-61492 57904
-61107 -26621
-60690 1671
-60551 47994
-60496 -52445
-60422 56791
-60365 -21750
-60280 -93720
-59703 -37396
-59420 -72030
-59139 -36897
-59005 62428
-58391 63402
-57762 71387
-57184 -41079
-56637 47440
-56560 -39051
-56463 -60596
-56288 38124
-56188 -37063
-56010 42500
-55806 -36407
-55299 77136
-55189 -63844
-55144 81542
-55076 71697
-55064 96321
-54323 74786
-53770 53505
-53481 -84863
-53424 4119
-53120 74635
-52901 -37764
-52459 -44308
-52022 -35816
-51991 -1889
-51408 -20863
-50999 39368
-50849 16270
-50754 43100
-50500 -48162
-50162 27492
-50139 2639
-50105 -22166
-49708 -80144
-48506 11632
-48203 26372
-47616 60812
-47507 31661
-46965 71306
-46917 -77568
-46675 -93263
-46421 18545
-46057 69868
-46009 -55760
-45527 41847
-45402 -71828
-45033 -14810
-44850 14953
-44835 -57449
-44726 -99285
-44287 -93475
-43279 -48992
-42949 65456
-42874 33264
-42371 95021
-42244 -97103
-42214 40610
-42169 -48691
-41690 75422
-41260 -16738
-40998 83261
-40802 -68891
-40777 -68748
-40346 17656
-40167 -80484
-39865 -22299
-39672 -37441
-39553 21758
-39458 -76785
-39105 -99076
-38951 -71545
-38495 -16642
-38147 44160
-38097 -89610
-37984 21287
-37763 7467
-37724 76127
-37549 -57683
-37203 85621
-37062 -37604
-36793 -77713
-36514 -29437
-36176 -64642
-35941 -43682
-35750 -38119
-35529 -76578
-35275 80980
-34901 320
-34366 -80214
-33356 33673
-33165 -47920
-33137 -49897
-32555 -32290
-32070 61717
-31737 -45230
-31514 -38988
-31440 64816
-30864 11521
-30518 -44377
-30357 -11792
-30135 46489
-29707 -5090
-29652 95031
-29503 -81751
-29413 -60138
-29341 64591
-29074 -36767
-29049 -70655
-29034 92012
-28807 82721
-28617 36206
-28574 6107
-28279 -24701
-28055 31655
-27855 5204
-27445 56874
-26899 7985
-26595 -52548
-26386 81798
-26284 -4327
-25778 -77488
-25357 -38633
-25076 80156
-25023 92200
-24667 97546
-24620 57954
-23728 86155
-23404 83119
-23198 -84471
-23029 33522
-22780 -85861
-22747 -76369
-22510 98443
-22421 -62715
-22359 -65564
-22335 -79520
-22204 13446
-21435 14732
-21368 -15836
-20987 38937
-20918 -395
-20831 45574
-20511 16795
-20507 451
-19884 17375
-19121 31585
-18737 -52828
-17984 -76140
-17914 -39256
-16748 99244
-16744 61026
-16488 1465
-16273 53752
-16178 19745
-16165 -36138
-15631 -70552
-15544 21582
-15255 43796
-14686 8128
-14087 -44112
-13932 -69536
-13782 17150
-13657 -57768
-12978 85206
-12930 17492
-12924 -65144
-12768 73781
-12544 85878
-12506 27601
-12309 17480
-12106 86166
-11727 50977
-11312 56410
-10935 30677
-10853 -7939
-10334 29866
-9537 95651
-9484 46066
-8743 -75443
-8732 34878
-7638 76235
-7311 93458
-7264 45917
-7097 55617
-6286 -93950
-5946 -51861
-5935 -59928
-5931 -80778
-5903 41102
-5683 70163
-5596 -62905
-5300 -19079
-5268 -33858
-4915 24914
-4853 45047
-4740 -33370
-4594 94843
-4313 -58538
-4099 -81231
-4002 -98656
-2984 -91648
-2529 29072
-1376 2009
-980 32913
-775 -60352
-366 -24702
-233 45027
-197 -84615
-33 16402
0 0
381 -55229
1000 1000
1117 38257
1644 -80799
1941 -48207
2013 -90564
2169 80655
2229 13182
2230 -44967
2460 -20307
3296 85940
3989 47716
4051 73443
4065 73354
4755 -259
4986 59245
4996 -72152
5344 -83588
5441 -71817
5606 52222
6234 76492
7032 -58878
7143 78760
7315 27617
7662 -13559
8409 -15881
8733 -6480
8951 87148
10000 10000
10527 9905
10580 -88479
10699 18411
10924 -20305
11189 -55458
11225 90141
11554 -29289
11757 49381
11758 93338
11824 67965
11916 36338
12153 -48596
12195 -43463
12393 63527
12751 360
12937 -21611
13127 1821
13492 21969
13706 26410
13715 57453
13750 22906
13835 37584
13845 -26616
14402 7564
14544 -66296
14583 -11035
15760 79173
15941 -92665
16059 -83690
16576 51836
16810 -342
16999 -77880
17161 -10024
17195 47561
17546 25746
17591 98048
17861 -96779
18233 -53248
18339 -13370
18399 11161
19018 40219
19131 -48979
19618 -2059
20319 85372
20975 -86550
21689 -43232
21745 -94310
21878 -80332
22275 21051
22281 1583
22409 26503
22836 -98558
23046 -72238
23179 -16900
23396 3109
23838 1851
25221 95802
25523 39712
26678 87570
26701 -97619
26860 46748
26876 58413
27379 -35307
27504 87165
27652 23216
27826 -69153
28388 -95049
28621 -61727
28625 -35235
29032 10537
29034 57364
29074 79197
29378 40279
29450 -49668
29497 -59296
29830 -82587
31680 33735
33475 -80448
33507 -51233
33708 5619
33974 53326
34071 22494
34473 -54000
34656 -74299
35039 -52163
35313 8992
35333 83917
35493 45207
35807 45905
36823 82318
36903 -7484
37085 -91325
37777 -40060
38180 17842
38394 -97359
38415 6396
39332 -96267
40098 -86301
40329 59323
40425 -81268
40872 1169
40941 85744
41691 -83058
42641 98
43379 77293
44138 -79
44353 -6049
45679 6794
46199 -71246
46213 -66246
46592 -4731
47037 2159
47268 -95066
47519 -11029
47796 65638
47804 2409
47968 49435
48037 -93606
48495 61628
48776 -45171
49212 41892
49419 -58146
50380 -93113
50944 -58308
51213 62244
51343 97171
51665 68349
51930 -40905
52041 -82398
52160 60319
52539 -42263
52699 7777
53523 -98988
53586 4736
54177 22977
54586 58995
54728 -67841
54774 15366
54915 -45485
55029 -66502
55275 3274
56557 29270
56872 2913
57061 8603
57374 89744
58199 65854
58249 -72171
58277 77909
58852 4751
59134 18289
59462 -81936
59664 95708
59724 45826
60143 66487
60158 61280
60646 47119
61125 -70565
61840 -48127
62110 -97638
62207 12305
62474 94006
63127 -33730
63157 21789
63317 -9985
63790 -26105
64089 20791
64271 23571
64403 -20149
64568 94298
64764 -49215
65440 14115
65478 52864
65826 273
66151 -56667
66168 9656
66356 16785
66516 88455
67340 -27155
68047 93608
68403 -55274
68411 -28840
68489 -49571
68549 40564
68567 -6492
68744 -70050
68867 -76144
69476 -43328
69945 81365
70185 20256
70219 -84304
70394 -37187
71095 -98281
71773 28052
71854 66876
71917 67271
72272 27035
73026 68534
73028 21752
73140 -88391
73573 68437
73930 52710
74517 -32929
74540 94367
75453 -32328
75487 -60474
75527 21119
76073 70598
76081 88520
76358 12963
76457 -5643
76989 -18329
77032 -64405
77578 -98452
78193 -58586
78289 68842
78302 25601
78570 -44572
78587 -78806
78713 47485
79347 85980
80732 -83075
80847 -50108
81406 91494
81473 32600
81705 52997
82461 31238
82998 5137
83506 3065
84120 -45156
84346 90511
84449 -22834
84486 -7376
84494 71210
85010 -23464
86088 16200
86173 81824
86236 -33535
87157 77503
87453 -57218
87457 14806
87940 65423
88040 -35568
88952 -77634
89143 16277
89353 16309
90275 -41525
91992 -81551
92106 -46917
92168 71077
92305 99662
92531 -87061
92790 63144
92949 34541
93063 6733
93310 -17211
94014 -57854
95037 3978
95136 -4038
95650 81487
95764 -76053
95974 31124
96513 -45215
96515 73479
96563 -51834
97081 -17144
97348 -63479
97420 94269
97963 -27624
99620 5058
99686 -21053
99852 60161
117
-99222 -47961
-97925 -63381
-95201 42738
-94897 -48669
-93393 895
-90708 23639
-88972 -97679
-88324 48211
-88001 -26615
-87886 76299
-86881 -67822
-84506 -94500
-83588 -59234
-80210 -81055
-80112 67297
-77008 -54833
-76195 -61848
-75672 -99571
-74216 -38277
-70471 -58386
-67762 96520
-67573 -2128
-66258 -60257
-64455 -22596
-61895 7679
-60609 -55694
-54955 -31729
-53948 27572
-52059 21942
-51138 -15666
-48661 64526
-47022 85418
-45807 -62726
-45530 -72313
-40070 -46294
-38711 10775
-35655 27839
-35507 -4092
-35322 47161
-35177 69824
-32859 10325
-32554 -28668
-30580 -24716
-30090 66740
-28133 -40962
-26835 -94982
-26443 -56283
-24817 -85933
-23052 -92083
-22984 -34534
-22539 41997
-21943 -34594
-21259 -21255
-18696 -48710
-17051 45737
-16951 -20248
-13086 38846
-11923 50251
-10287 53514
-6760 26526
-6186 -33277
-5311 -6312
-3249 -74520
-3201 -85972
-2182 30128
-177 -36686
1894 -10528
6099 -6448
7721 54892
8896 -2474
9611 -83610
10746 -16777
11992 -70907
13949 -71006
16786 75644
22289 -35622
23315 41600
26688 -5463
31591 -8651
31651 -48518
33220 44973
34300 -84094
41360 -998
43296 41591
45601 30597
45771 90239
51171 99381
52448 18987
52610 -87380
53035 47354
53937 29235
54250 68513
56013 70727
58568 -22738
59756 26596
60952 91085
62591 -94096
64820 25693
65308 30486
68186 18328
75696 27432
76571 1192
76640 5222
77832 68594
79757 25126
83404 5630
85886 21878
87024 -9199
88238 43480
88388 22293
88658 55344
90129 82990
90558 -81978
91998 38612
93202 25786
93408 -22753
94436 68786
94987 52019
909
-99863 17476
-99673 -33066
-99550 -49224
-99348 94440
-99115 -31100
-98554 -91236
-98401 -76704
-98382 77174
-98373 -6710
-98343 62539
-98187 99677
-97644 80873
-97608 -35229
-97606 96886
-97600 -7685
-97229 56706
-97207 49905
-97171 15863
-97105 -61361
-96897 -25754
-96891 62868
-96550 2869
-96354 -94657
-95951 -16243
-95728 -74192
-95404 -29710
-95163 48600
-95147 73153
-95116 48216
-94987 -27235
-94896 74781
-94832 46863
-94786 98994
-94334 -55588
-93766 78911
-93759 -18521
-93730 39014
-92981 58819
-92618 81794
-92611 59391
-92595 76928
-92338 -47758
-92073 -64522
-92018 -1250
-91855 -21616
-91832 93140
-91588 5986
-90709 40284
-90613 55490
-90537 -40282
-90366 19193
-90160 28822
-90094 76644
-90017 92561
-89713 -93280
-89092 21816
-88988 12087
-88862 -89186
-88630 58844
-88525 -68385
-88167 -85040
-88051 80348
-87934 78004
-87656 91804
-87488 10968
-87246 -53888
-86614 -44535
-85989 -36744
-85958 29102
-85760 53206
-85474 -30689
-85423 -80038
-85325 30144
-84999 -11311
-84991 55311
-84935 -69739
-84866 -86695
-84861 30218
-84840 98752
-84716 26027
-84437 -57337
-84424 30654
-84235 -17830
-84114 -31231
-83759 74955
-83551 -3498
-83323 -71738
-83128 -68996
-82878 -5131
-82644 -81002
-82590 95025
-82187 22314
-81763 -94931
-81619 46830
-81262 3951
-81138 -23834
-80840 14125
-80824 -96204
-80600 -40555
-80480 66303
-80337 -64951
-79901 28645
-79740 6781
-79682 -29690
-79457 -99889
-79017 82895
-78935 28162
-78342 -63149
-78206 28654
-77987 84743
-77861 36106
-77779 50460
-76937 -19699
-76406 49423
-75788 89283
-75238 89913
-74861 -18499
-74016 1692
-73996 -90154
-73981 -74779
-72989 -7512
-72528 -89529
-72468 -3577
-71877 25272
-71703 -96524
-71382 33781
-71189 35601
-71186 -48247
-71064 -23775
-70919 -23816
-70550 -37919
-70194 -64310
-69824 -52608
-69436 65780
-69432 37494
-69255 77625
-69108 -61599
-68685 -15101
-68650 -20810
-68556 34863
-68552 34273
-68533 -58909
-68476 -72675
-68464 28779
-68461 86854
-68281 -86043
-68194 91444
-68128 -3593
-68123 3792
-68059 -43764
-68022 -9036
-67994 69332
-67985 67875
-67895 69678
-67823 -84879
-67120 11778
-66831 76546
-66657 -39175
-66644 -86720
-66588 -95707
-66287 -61128
-64568 29970
-64272 25788
-63821 -85806
-63569 -4349
-63546 45807
-63487 1873
-63406 14241
-63396 19131
-63118 -57930
-62715 -13178
-62396 -6717
-62233 70755
-62163 -65787
-62101 -83264
-61724 -19440
-61510 -52407
-61499 -7221
-61157 1591
-61083 -59014
-61051 67298
-61043 -83793
-60877 48640
-60837 99242
-60817 -84268
-60536 -10269
-59933 -81794
-59608 2574
-59276 64450
-59115 -4010
-58593 -58423
-58584 47672
-57961 56995
-57958 43368
-57276 -55532
-57013 36830
-56739 -78643
-56511 17616
-55835 -60711
-55770 -16843
-55525 40937
-55131 -64400
-54982 -3828
-54938 -71649
-54667 74551
-54522 81590
-54514 49729
-54458 -98442
-54012 -19012
-53406 65675
-52915 -94577
-52731 95958
-52356 55656
-52204 -37567
-52143 90294
-51892 -68680
-51859 -65138
-51732 -46452
-51549 -12569
-51547 40334
-51362 50861
-51010 75137
-50918 -29903
-50772 -60289
-50525 18844
-50383 -10590
-50326 -28902
-50225 60482
-50184 -66668
-49689 61705
-49611 98409
-49374 41018
-48759 -74002
-48500 -51978
-48353 -59901
-48329 -61634
-48119 -95162
-47864 1100
-47062 15959
-46815 -88195
-46678 -30030
-46389 38837
-46278 -37284
-46218 28525
-45809 -45547
-45491 -53352
-45419 -82005
-45208 15644
-45133 -55350
-45120 14779
-44426 35059
-43657 -713
-43196 -15935
-43077 95360
-43010 51230
-42859 -61382
-42716 79533
-42662 68757
-42485 -76931
-42394 32801
-42389 -8946
-41839 -26157
-41754 -61185
-41077 -72323
-40211 53602
-40195 -56171
-39922 -79583
-39777 46681
-39470 9029
-39445 -69749
-39193 20626
-39059 -13629
-38145 -38725
-37823 1504
-37465 68892
-37426 28580
-37102 1778
-36911 -10659
-36906 -47394
-36578 77357
-36042 -40617
-36010 62263
-35914 86859
-35594 20090
-35106 56057
-34897 81331
-34811 -39070
-34085 51569
-34026 -48719
-33325 -16590
-33179 78162
-33146 90071
-32974 57298
-32810 -19687
-32617 -42503
-32553 64452
-32326 93251
-31994 57736
-31813 78798
-31704 64392
-31061 -30416
-30263 -85497
-30029 51822
-29818 68576
-29512 38247
-29498 41218
-29497 -34168
-29044 92021
-28986 -38900
-28975 28523
-28798 -19104
-28545 -74452
-28406 -76162
-28162 -17644
-28042 -8948
-27648 65725
-27586 -57521
-27521 96853
-27505 82510
-27500 33159
-27192 -30168
-27169 9723
-26974 -49058
-26627 92605
-26472 -3167
-26424 69781
-26378 -31012
-26103 16474
-26024 -27001
-25559 -4549
-25559 98100
-25198 91868
-24911 -24339
-24691 -47817
-24592 53315
-24349 30833
-23585 -2214
-23017 -55186
-22695 20511
-22482 -80143
-21622 2832
-21438 -5639
-21328 -99973
-21220 -36126
-21166 -902
-20835 -99482
-20484 -53287
-20236 26878
-20026 -50962
-19587 11408
-19546 98295
-19430 -88315
-19379 -89555
-19286 2779
-18976 -1440
-18710 -54921
-18683 -46596
-18541 -34712
-18457 97005
-18355 51790
-18227 -75944
-18085 61913
-17928 -61247
-17888 -61665
-17810 83764
-17723 -58148
-17685 38167
-17681 70050
-17676 -89904
-17139 -8363
-16866 61052
-16851 60061
-16336 -13962
-16279 61667
-15976 -94480
-15449 96042
-15158 93694
-14357 -71365
-14262 5973
-14259 -64070
-14158 -54958
-13976 -73617
-13671 -37926
-13199 -80174
-13139 49251
-12970 -83562
-12884 37102
-12812 38780
-12781 80655
-12205 48068
-12101 -75136
-11909 -54914
-11872 -25691
-11600 2377
-11071 24437
-10488 -46292
-10456 17757
-10074 -56778
-9675 7416
-9270 -81321
-8869 -61670
-8824 88203
-8650 78579
-8591 8153
-7239 -27284
-6971 -89113
-6469 -71328
-6309 14018
-6178 78774
-6034 -336
-5756 -89166
-5728 -12662
-5405 -44280
-5280 64026
-5158 -72534
-4483 73759
-4433 21164
-4368 83940
-4279 51752
-4036 20567
-3811 48076
-3655 -68334
-3578 78921
-3566 26074
-2812 -58923
-2639 58485
-2273 -68818
-2016 -62471
-1808 -67912
-1511 25200
-561 28057
-416 -96548
-77 8501
0 0
767 -25915
1000 1000
1087 -37661
1147 77749
1155 -82419
1235 36891
1574 77216
1647 85681
1659 -86088
1679 63915
1795 46049
2364 7130
2492 -540
2755 11316
2957 35012
2971 -1885
3538 -31587
3681 -29782
3693 -66491
4731 67743
4889 -5767
4933 -84783
5025 33781
5358 -78896
5625 34497
5789 19031
5922 -35248
5951 -20357
6035 91430
6169 38812
6540 -29904
6974 22524
7245 -78891
7427 64433
7650 86707
7817 -16530
7900 -65765
8095 76699
8254 -68187
8352 48339
8556 -11484
8660 9460
8672 63398
8693 21728
8902 40439
8904 12512
9840 -74246
10000 10000
10334 22472
10598 -97696
10664 -81300
10770 8722
10951 40755
10961 -54956
11067 -57330
11285 -41749
11360 99468
11441 55640
11946 -82847
12090 -43682
12235 -99537
12380 20246
12575 42777
12610 -23356
12788 -48907
12996 32640
13309 72404
13321 2879
13768 -10154
14037 -37434
14402 71517
14488 -52813
14666 -12488
14908 79164
15060 14664
15312 717
15330 17470
15558 51937
15687 -84336
16063 77649
16196 91903
16242 -36780
16371 -34077
16636 9224
16819 83521
17126 29266
17422 -3467
17772 -98326
17843 -35183
18131 -8496
18548 -16036
18771 -93988
18778 -53512
18800 74080
18940 -64494
19065 -21269
19207 82917
19227 92827
19384 68480
19497 -55389
20348 -44546
20540 80261
20648 44949
20667 -82103
20939 -45089
21070 -48017
21220 -90837
21476 -67934
21853 -12443
22388 -1856
22980 -14480
23650 9955
23718 6869
24039 76494
24045 -70807
24073 -41894
24153 73454
24625 54037
24867 -12338
25086 -37153
25295 -62436
25768 99075
26154 73995
26203 -87510
26210 -94875
26414 -40714
26474 -75383
26505 11413
26541 -11276
26650 -35667
26697 15252
26810 23827
26926 38935
26941 66147
27089 -37775
27241 41485
27460 66201
27583 -93032
27663 -33961
27983 1719
28804 92295
29833 -56687
30595 -47187
30628 -18205
30754 95750
31194 -89137
32306 93770
32880 74554
33247 2526
33334 -66301
33598 -49612
33667 -28858
33683 -74938
33984 -60917
34059 53921
34181 -60047
34183 -40273
34444 84366
35347 -78922
35765 62410
36031 -91034
36251 -92958
37086 -13638
37303 -88894
37354 -92168
37436 -11057
37468 67665
37602 -95488
37752 17228
37994 -40768
38002 90728
38446 2191
39007 43047
39011 -84187
39162 75234
39799 -3930
40087 7738
40430 -41858
40605 -28611
41058 29048
41099 -93865
41129 -47478
41151 -28099
41401 94913
41418 10606
41419 808
41856 -44841
42025 40818
42185 1455
42442 94878
42563 -43875
42589 73730
42730 80164
43128 -21556
43323 60678
43536 28462
43581 -77287
43856 -84529
43948 -26173
44247 -8666
44394 4610
44764 37690
44857 -64409
44982 34370
45404 -97940
45618 -80255
46109 15108
46498 -48007
46716 64610
46971 -64704
47066 6999
47216 92507
47323 -78451
47356 61292
47393 87574
47715 -49661
47755 47152
47973 -41639
48241 89979
48384 -87118
48456 -56455
48525 18455
48574 -5724
48633 24711
48872 3948
49547 64219
50188 61697
50198 12382
50466 -16782
50498 32427
50549 -81343
50823 -68098
50882 24467
51338 39856
51742 38254
51804 -85113
52167 40516
52175 -60117
52248 -15258
52567 2730
52755 33822
52955 36913
53026 -25970
53993 65139
54463 30765
54649 81097
54739 -10568
54772 -38074
54815 1056
54911 -81174
55452 -29168
55644 90692
55783 -63015
56334 -65548
56411 -58192
56743 32228
56929 38295
56935 -17704
57709 -21791
57732 -24773
58080 -56448
58252 72625
58714 52413
58734 -95459
58859 73515
59355 -98519
59395 35142
59551 32622
59647 51034
59776 -94261
59777 -15037
59998 40368
60044 -9116
60467 75952
60469 30522
60824 -98612
60847 20909
60903 38526
61432 -58686
61455 21469
61741 -54148
61840 -11084
62116 38630
62726 -60603
62776 13965
63159 -59392
63690 -22249
64115 -45804
64258 30439
64999 -12294
65515 49008
65522 53448
65725 13340
66257 28199
66675 60581
66804 -34454
66893 -4912
67045 -24777
67260 72501
67792 75055
67869 98447
68357 -65459
68486 88855
68552 37400
68554 38001
69073 -47105
69185 94201
69206 -23737
69235 -80800
69463 18782
69562 -46792
70323 56734
70768 34248
70788 -1996
70824 18018
70880 6248
71107 97172
71121 36913
71209 -60049
71523 83985
71710 -45521
72004 -46395
72119 -55249
72529 -37195
72674 -80845
73215 23826
73283 -60958
73347 59494
73399 -35804
73448 -89485
73501 -78230
73768 21315
73991 -74847
74561 85424
74811 62399
74828 -2257
74869 -36643
74910 -88208
75181 -23589
75181 64999
75232 -35417
75248 40448
75469 64345
75530 -30952
75709 -72714
75739 -52504
75766 90779
76039 -41020
76088 9594
76249 -48746
76381 37027
76526 63620
76557 -47126
76570 13274
76873 -71039
76886 14337
77074 56552
77163 41853
77247 -8965
77340 38120
77374 45728
78289 -18487
78620 -76561
79029 12078
79068 41945
79111 72320
79147 95090
79218 54022
79322 19335
79376 -72906
79494 -65119
79770 -86004
79813 17996
80340 -58740
80587 57791
80592 -28512
80711 41949
80854 3582
80857 66949
80976 59365
81061 30586
81071 -95061
81384 81997
81397 4845
82426 72280
82502 -67059
82528 -61807
82635 -12216
82871 -29539
82941 -97189
83399 77664
83976 42657
84037 -18122
84126 87738
84149 34098
84428 53192
84683 -20834
84848 -82254
85319 -53328
85449 -91967
85532 46121
85696 50828
85759 -8166
85958 -39875
85967 -31740
86075 86712
86296 -68023
86348 -42898
86422 -35371
86451 81861
86564 51407
86650 25987
87435 -44938
87568 43243
87699 -80989
87717 -8015
87727 -93960
87735 25650
88173 -64461
88253 25954
88321 96107
88384 40012
88440 88199
88518 -11805
88720 -46409
88768 -70529
88806 -7827
89075 87978
89135 34237
89187 -15577
89299 -17538
89408 64018
89489 63429
89919 -39434
90203 -11320
90311 -86314
90498 96468
90718 47506
90882 68124
90925 -35750
92233 9401
92385 6324
92522 32666
92667 -18199
92929 -28263
93291 70508
93499 7607
93676 -8945
93690 9695
93759 87224
93881 -34921
94244 35366
94866 76634
94878 16553
94960 -33622
95463 -82332
95469 65700
95524 40901
95711 -17743
96049 66481
96151 -57933
97533 14221
97669 50279
97674 95313
97715 73108
97935 42777
98027 43039
98569 -21835
98775 -15157
98821 -952
98911 74603
98996 -37102
99160 80006
99203 -14048
99311 -10242
99755 70250
677
-99096 -20262
-99036 23786
-98716 -31573
-98504 25657
-97616 -88401
-97470 -78568
-96652 -49215
-96479 39502
-96179 -8881
-96030 -20890
-95998 11966
-95796 54038
-95276 46904
-94474 79774
-94403 59325
-94385 -83517
-94279 86108
-93916 -78615
-93202 34434
-92137 80272
-92099 53673
-91954 -36611
-91701 75659
-90785 5294
-90684 4820
-90579 2200
-89873 -85791
-89765 -3934
-89332 85457
-89253 10235
-89076 -64209
-88928 -89970
-88872 -90618
-88652 49567
-88624 -49201
-88409 -51277
-88173 14962
-88164 60861
-87852 15159
-87751 33995
-87065 51975
-85736 -35948
-85735 26812
-85264 -78950
-85118 34761
-84844 73379
-84051 17169
-83774 -33879
-83454 3111
-83412 82767
-83402 50617
-83100 93071
-83036 -78563
-82319 -32060
-82140 -70794
-82104 80722
-81904 -52484
-81886 69122
-81695 22204
-81272 -91745
-81264 -4279
-81242 21838
-81214 59211
-80834 23118
-80567 -22247
-80565 6923
-80344 -8621
-79740 22641
-79732 -52584
-79654 -94985
-78202 89949
-77875 18765
-77848 31100
-77262 -19170
-77207 -58658
-77118 44316
-77094 -33723
-76905 -51514
-76432 25086
-76071 -30811
-75981 56717
-74526 54066
-73895 -96096
-73696 -13846
-73188 53485
-73120 8931
-72282 -5889
-72154 -47949
-71997 -82345
-71946 -86762
-71201 -68730
-70972 36515
-70921 -98410
-70903 52783
-70656 6148
-70272 -95581
-69948 49761
-69543 -30290
-69385 -44125
-68917 42959
-68695 -99438
-68172 99650
-67500 88997
-67437 -69944
-67270 28739
-67189 64371
-67035 42343
-66768 -23538
-66746 69754
-66594 -55181
-66461 5021
-66318 2645
-65948 -56031
-65565 -92268
-65129 45404
-64255 89728
-64091 -57561
-63866 6453
-63839 69567
-63724 68875
-63695 35103
-63468 -66895
-63035 33565
-62756 13062
-62532 -48208
-62137 10481
-61956 -91419
-61844 -85062
-61472 -83382
-61429 -39594
-61165 46247
-60747 -50423
-60031 -4048
-59824 -48399
-59563 -62158
-59499 51117
-59380 -48950
-58314 38329
-57601 9326
-56653 -30072
-56519 -48403
-56151 82516
-56069 67975
-56041 -12378
-55672 -52414
-55636 -99191
-55274 -91633
-55261 -68031
-55214 36759
-55155 76599
-54312 77580
-54096 -34294
-54078 -33487
-53531 67701
-53266 53723
-52972 -85799
-52774 89551
-52497 -96159
-52439 -59001
-51581 65547
-51359 72431
-51330 23497
-51013 -80383
-50975 92055
-50669 -95438
-50650 -3252
-50176 -55958
-49829 77706
-49777 -40318
-49720 15642
-49598 -16282
-49066 77769
-49015 -6664
-48736 -37642
-48577 14864
-48393 -50128
-48374 31803
-47383 80970
-46675 20434
-46400 -76538
-46257 74498
-45044 -21224
-44317 -24695
-42968 73499
-42601 10856
-42300 -9609
-41849 -3375
-41702 15916
-41346 -43861
-41088 -41572
-41034 -60790
-40859 88164
-40825 -83740
-40580 54307
-40389 -48199
-40273 71202
-39854 80220
-39817 25059
-39620 75897
-39606 -21794
-38955 -55212
-38599 -19069
-38413 13996
-38279 -86357
-38075 65610
-38057 33448
-37960 -68358
-37040 -96616
-36725 79248
-35961 -77552
-35944 -46643
-35630 96617
-35595 -21781
-35217 83724
-34630 25020
-34562 55196
-34206 -39415
-34200 -86354
-32060 -28036
-30908 8106
-30693 89803
-30257 -15795
-29900 78639
-29626 34144
-29579 -2648
-29145 73071
-28143 42625
-27298 19468
-27264 11961
-26803 57207
-26569 -53503
-26363 96527
-26293 10138
-26244 49447
-26209 39024
-25870 -28880
-25640 44532
-25557 91558
-25429 48082
-24683 -99678
-24662 -78507
-23925 -94572
-23473 -98207
-23463 -79926
-23458 -59960
-23189 -89481
-22543 -95538
-22218 67101
-22191 4430
-22113 -8434
-21476 -60487
-20735 25945
-20493 -20039
-20350 79652
-20090 -66139
-20005 -86900
-19760 35829
-19520 5645
-19499 12580
-19409 33196
-19210 -82117
-19178 81799
-19126 -41457
-18928 66118
-18846 35171
-18822 -86466
-18545 -35568
-18246 -73388
-18149 -2715
-17960 58182
-17716 41407
-17379 98803
-17179 -95279
-16887 -12672
-16378 -54509
-15247 63825
-15142 -43325
-14698 34963
-14067 58883
-13729 29740
-13559 -54331
-13117 18144
-12895 5652
-12657 8321
-12349 -81764
-12196 -50986
-12057 90811
-11806 96381
-11705 14423
-10755 -56313
-10329 88379
-10321 85373
-10227 -92931
-9911 30038
-9798 40507
-9426 -7958
-9130 67508
-8660 68674
-8379 7032
-8203 49627
-7919 15570
-7638 91311
-7385 -88064
-7133 33866
-6933 34377
-6571 72703
-5646 -26313
-5514 26656
-5175 45307
-4857 39849
-4848 27140
-4681 27406
-4427 -1027
-4243 -80510
-3974 76599
-3312 -31324
-2898 -47496
-2786 -33830
-2676 83428
-2658 -53671
-2392 -46808
-2291 -15958
-2072 81910
-1960 1857
-1743 -45265
-1199 78393
-912 -26434
-841 90338
-694 -5132
-560 92253
-435 75518
-336 50551
281 18680
641 -42520
661 11929
688 59058
882 83515
1222 22196
1731 57448
2701 -40654
2721 40721
3047 -62352
3538 -49457
3919 76804
3984 -83731
4230 -74250
4286 -62338
4319 -19697
5144 63782
5378 -75215
5692 42417
6038 -26630
6121 -18933
6288 14195
6522 -5550
6727 -81990
6773 31403
6798 29449
7018 96579
7067 72015
7191 46329
7522 7398
8044 98453
8206 -22603
8334 87509
8540 3702
8562 -42216
9001 90325
9037 -4113
9427 -22636
9676 89491
9699 -91674
10327 -93425
10371 -2190
10459 -41162
10810 3427
11108 24089
11114 -76374
11684 -89218
12739 4187
13118 -12254
13249 -16047
14113 -53405
14783 69118
15011 -68403
15088 57655
15323 -86868
15433 -53417
15544 -68698
15655 40799
15741 -16981
16089 -81764
16350 -68698
17393 -14464
17938 -93892
18300 -84359
18473 57780
19413 -92671
19470 82055
20239 -8827
20564 -91313
20640 -3937
20721 56314
20882 55464
20938 -10545
22024 -41982
22523 30538
22619 -88106
23215 -7006
23242 14908
23412 -92194
23435 96400
23789 -1181
23974 -57237
24022 15800
25252 -91230
25330 -77954
25639 71064
25734 -69323
25782 -65448
26071 834
26160 -87064
27328 75284
27442 73300
27610 38258
27619 1299
28310 13624
28445 -97540
28681 -19924
29218 7062
29480 -46896
29728 -57722
29838 -23502
30738 16378
31239 -93184
31300 40815
31614 -61203
31791 -27962
32331 -32
32488 34135
32678 49499
32957 24469
33362 62836
33441 -72328
33443 45857
33472 18452
33992 -46068
34009 48423
34869 1415
35125 -83131
36168 -75978
37489 -88603
37827 68233
37920 14877
38449 -93403
38525 28560
38830 7159
39334 94848
39652 57097
40000 -86610
40045 15991
41078 9713
41859 -66387
42640 49848
42872 -8332
43005 72574
43749 -18149
44542 55997
44829 14189
45442 -71144
45746 -89038
46671 -46888
46793 44227
46800 81502
47310 -73775
47598 87905
47977 76951
48216 71648
48288 32119
48343 -91950
48467 -2463
48871 -12085
49187 -40342
49231 65789
49276 23200
49326 30721
49706 -83399
49748 -72700
50311 26459
50453 83416
50491 79081
50701 -75896
50810 70733
51055 -32893
51231 83882
51787 -88778
51812 69966
51899 -28810
52038 50449
52401 87781
52606 25281
52963 -22268
53226 17357
53509 -5315
54070 -17434
54156 -38222
55062 -1473
55214 -27644
55474 -34770
55708 -92218
56146 28924
56188 71126
56678 -49142
56687 -60717
56965 44525
57047 52990
57553 -95387
58051 -20720
58102 23879
58149 -17675
58332 60570
58984 63017
59154 -95044
59267 -85447
59608 -86409
59688 -85643
59716 -14072
59905 -17796
60060 27485
60376 88197
60428 -34920
60527 83807
61328 95331
61577 62775
61636 -30909
62107 79071
62456 -17200
62687 1060
63094 57964
63105 -68585
63353 19117
63377 -69810
63497 -4585
63498 -64167
63571 -64847
64056 -65814
64156 -77420
64900 -66173
65285 -43353
65448 69406
67030 59254
67743 80992
67866 -21165
67877 -52246
67902 -89944
67976 9414
68769 65846
69018 -44152
69073 -8393
69486 -97334
70454 81003
70546 78173
70612 30726
71492 64317
71592 98717
71835 -57627
71992 65726
72197 44143
72951 -52802
73246 94786
74187 -83135
74218 73165
74833 47111
75126 96919
75135 -98862
75289 -76591
75364 -12610
75825 8873
75926 -45660
76460 -62120
76656 -99559
76785 -45285
77251 47271
78002 -72346
78403 -13760
78694 -66980
78736 -35134
78865 -58723
79578 -67118
79716 -48927
80167 -61004
80517 74412
80863 -83920
81641 82388
81709 -97771
81810 -98965
81871 -74588
82168 24661
82571 -81293
82595 -48948
83516 46585
84095 -20688
85080 -51560
85144 54237
85264 -87737
85428 -24251
85479 13798
86067 33801
86263 95929
86507 -53780
86786 -95218
86788 68856
87354 -84455
87397 -33797
87412 34372
88021 -49966
88273 -38245
88697 -49061
88837 -12465
89429 -98671
89480 -53761
89589 -42654
89661 9348
90312 -34517
90322 91416
90388 -67938
90609 15406
90673 -51536
91443 -58217
91503 76412
91537 54729
91617 92855
91628 60374
91681 -43857
91931 -33072
92028 90857
92152 88872
92621 -38701
92625 -78064
92807 -28537
92950 -54396
93185 16651
93248 -94509
93387 52885
93392 54047
93551 40162
93642 -81099
93662 -44889
93845 -85507
94267 87914
94314 -61759
94522 25820
94851 93280
95086 -1094
95203 22263
95378 11358
95632 15732
95680 -56401
95860 69604
95940 -92928
96008 86385
96012 86078
96024 13309
96404 -95950
96487 -39437
96593 96975
97022 81165
97562 80506
98003 58381
98037 -9885
98070 53250
98201 14148
98805 -86107
98939 -44855
99081 -42687
99230 75783
99810 31136
99980 6444
139
-98692 25483
-98098 28981
-96948 -64098
-95817 -51732
-92578 -56160
-91394 73359
-90511 -87476
-90460 -22462
-89682 -90249
-88454 -14699
-84744 75346
-83488 19469
-82986 -80027
-78612 -97554
-77173 -99524
-77008 -92984
-76821 58344
-75821 -61915
-75054 5964
-73460 -6434
-73235 64504
-71867 94860
-69359 82699
-68886 83202
-64950 10113
-63321 12683
-62468 -57649
-56211 8462
-55272 -61692
-54842 60481
-54270 46049
-54219 -10417
-53635 12549
-52081 28165
-51867 25489
-50926 -30546
-50097 -19571
-49688 49174
-48671 -61937
-46715 5823
-43895 74896
-41758 85491
-40566 -42470
-40117 10436
-40112 -89814
-39773 3104
-37846 7673
-36636 6992
-34136 -18373
-33317 -14301
-29146 -23583
-28200 80394
-27794 99547
-26686 38012
-21328 49592
-17506 -4713
-15118 -12306
-13093 31491
-12889 -37083
-12109 24491
-11335 -47797
-8770 53593
-4576 -54761
0 0
627 62476
1000 1000
3409 22686
3689 -68363
3739 73598
4379 32891
4516 60985
5893 -38513
7819 -94363
8303 -6062
10000 10000
11159 -58250
14480 13685
16322 3599
16743 -33503
17039 38073
18230 -47051
18500 51035
19838 -55078
21868 -22010
22539 -30655
24588 85579
26194 50883
28088 50062
28743 -63841
29495 93840
30443 -81380
31897 9737
35521 87657
36421 63444
36771 54811
36907 27951
37397 60575
37933 -75686
38444 22340
39620 -79462
39706 -15471
39756 60634
43631 1026
47770 -79610
47980 38630
48109 -39577
60859 29941
62850 -56885
63503 45063
63785 51113
65820 19733
67364 51958
69998 22852
70158 108
70312 -28055
71218 -58130
71249 14270
71820 -12317
74683 -5903
75969 -82579
76420 13631
77064 -76099
79453 -64770
79642 -40251
80064 6134
80357 11413
82545 78356
83966 -15284
83985 86327
85633 -8642
87689 14278
88315 45012
90784 -1159
91839 -25399
93400 28289
95323 -68914
96645 -82474
97585 -24917
98001 32013
99319 -38890
302
-99929 -33567
-98919 -98156
-98899 11842
-98441 -60280
-97950 74447
-97443 57455
-95533 -31795
-93668 52676
-93176 -79539
-93118 57887
-89539 77272
-89380 14248
-89207 84125
-88328 97854
-87834 43638
-85522 -1942
-85452 19953
-85101 1324
-84442 -17924
-82321 26491
-80815 86230
-80424 -38814
-80386 94690
-78003 77441
-77957 19386
-77718 33799
-76657 -87004
-75511 27278
-75112 34647
-73466 96161
-72872 67337
-71416 44445
-70799 14282
-70654 -26734
-68800 42522
-68751 69970
-68230 -33899
-68131 -56875
-66187 -23653
-65562 90871
-65353 99710
-65225 96184
-64898 35715
-64155 54001
-63827 81008
-63522 78200
-63420 89207
-63172 63375
-62304 -6153
-62159 75896
-61695 -4641
-61597 -92212
-61489 86332
-60617 -64165
-60434 51951
-60102 -58713
-59765 -77364
-58060 -88826
-57609 -33702
-57189 -11906
-57007 -55881
-56409 68032
-56144 -86256
-56116 29154
-55930 -93385
-54842 -58737
-53765 -57086
-52796 63027
-52780 67842
-52267 78862
-52119 -30438
-51347 -95201
-51072 -63615
-48072 91698
-46846 -33663
-45755 84522
-45715 -10287
-45709 82899
-44873 94717
-44299 -33880
-43185 91311
-41396 -48660
-41224 64828
-40197 21798
-39992 -74469
-39946 -10019
-37718 19901
-37386 -60736
-36990 -95894
-36831 52278
-36807 73195
-36241 -41807
-35690 -58821
-35354 -8072
-35077 -95640
-32815 481
-32750 -31651
-30176 -52716
-29977 85944
-29653 32007
-29558 -70450
-29293 -43453
-28554 -13036
-28409 77110
-28048 -77430
-26208 -10870
-26169 60420
-25675 -97946
-24743 -70126
-24699 31015
-24574 34818
-23464 -21099
-23101 768
-21739 -79177
-21672 25699
-21051 74042
-20265 89866
-18872 -72467
-18653 -33650
-18397 4064
-17570 57885
-16859 42107
-16767 -55679
-16621 -19117
-15121 61921
-14671 49643
-14013 7399
-13252 -87658
-11783 71304
-10421 -1705
-10201 -11358
-9924 20942
-9860 -85714
-9693 -41270
-4036 17774
-3421 66547
-3319 -17691
-3091 -77773
-2979 -62538
-2776 65116
-2155 -62534
-674 82924
-204 74369
0 0
1000 1000
2494 23738
3108 -2057
3579 -70435
4267 -46225
4817 74856
4845 -43734
5173 41835
6002 1814
8627 82338
9547 492
10000 10000
10729 71275
10995 -90117
11810 -84348
11885 -33515
12396 -69734
14269 -55408
18831 90602
18841 -72372
18876 3435
19514 8899
19875 -25387
21069 -60475
21487 55597
21575 -26671
21751 59559
21818 20623
21885 95711
22858 33327
23221 51891
23563 -16117
23566 -66418
24235 15488
24309 -31441
24491 -82801
24719 -39875
25072 72370
25159 -82148
25447 -80949
25837 -47352
26688 74573
27225 -92510
27367 53059
28346 87093
29158 73069
30675 -53141
31143 98517
32046 -79454
32737 -97560
33398 81527
34098 -39597
34936 66084
35137 16117
35952 -59095
36330 63692
37270 -57666
37514 49562
38178 67202
38894 37427
39176 -20922
39851 -63900
40841 -32824
41047 26591
41120 56909
41330 75816
41355 79307
41357 -36668
41731 -55010
41885 70207
42124 61437
42473 -57579
42762 4900
42907 20855
42948 -96220
44128 -77088
44545 -55040
44937 -47134
45472 12225
45705 75767
46230 41903
46626 51816
46968 74215
47193 -17407
47387 -60241
47600 -54527
47664 51031
48222 -27500
48397 51326
48917 2417
48991 8534
49630 -34846
49942 -57718
49983 44003
50427 68729
50599 88664
50773 -74743
50943 -41679
51837 60514
52121 -71124
52318 -27377
54839 -97543
54932 76955
55563 -98054
55708 -38531
56189 20948
58187 -17322
60912 -17934
61045 567
61421 85298
61461 85452
62574 23721
62857 64272
63179 -49844
63405 -83105
63830 -59651
63982 77381
65123 12225
66251 33753
66550 -45660
66808 -35858
67753 75443
68810 -45777
69316 -33117
69440 58913
69794 42876
69825 41098
69907 27799
70207 -37359
70808 65896
70988 -24444
71517 61499
71764 81084
72484 -33512
72798 95284
73889 43671
75658 80588
76877 42906
80220 -3217
80768 -73500
81052 -94544
81454 38962
82045 54183
84273 72358
84968 52755
86135 10331
87798 -51541
88046 -16977
90808 77858
91372 43330
92032 90974
92826 78994
93253 31867
95030 -6007
95882 -14276
96329 77037
98365 -40458
99056 -23065
99375 48238
95
-96455 83770
-96412 89389
-94145 49812
-93360 -74519
-92607 -9628
-91803 24711
-87379 12505
-81216 127
-71368 77473
-71061 12888
-70532 90395
-70279 51244
-68519 -5824
-63543 -79266
-62830 81149
-62450 85809
-58203 -63586
-56325 35165
-55680 -89641
-53821 -52579
-53030 89817
-50408 -4853
-48926 81061
-48824 40373
-43590 89519
-43077 26044
-42048 -74361
-35865 -85616
-35425 -50918
-33387 53027
-33133 -18312
-30081 -88054
-27935 61767
-27145 96513
-21217 6109
-14746 82990
-11878 -91695
-11594 -97210
-4407 37063
-4160 46781
-3068 -3467
-2901 -24710
-2868 -80640
-324 -65635
-246 1381
0 0
1000 1000
1459 -33002
1892 80023
3795 68190
4157 -82279
6951 -52912
10000 10000
11145 -24455
12029 64157
18444 -25280
19658 -64225
21268 42434
21745 -82370
24086 -94398
24401 -43469
24460 -11643
26211 -34238
27858 -46084
34773 -35927
34995 96553
43387 25823
43717 -85973
43883 66317
44400 67205
50121 -3013
50983 -90189
56944 -51014
59439 -70498
61823 -67996
63849 -9783
65288 14344
68498 -40354
69327 74151
70894 64224
76497 76289
76914 -84829
77968 86210
80865 61235
81094 -96132
81636 -37641
84240 -8858
84749 67653
86178 -14108
86993 -40561
87494 9855
88067 30805
92604 -34466
92632 39174
93896 71605
96073 -38053
443
-99834 -61052
-99819 48131
-99160 -62965
-99106 24230
-99010 89823
-98092 -55407
-97847 81060
-97679 -46969
-96854 -64593
-96377 25627
-96058 -33061
-95538 93406
-95504 -23891
-95063 -16464
-94790 -89912
-94729 -91238
-94474 61190
-93777 29058
-93051 -89096
-92890 -1736
-92822 95976
-92705 -48435
-92478 -41000
-91344 17684
-90879 -95137
-90659 51297
-90516 -37286
-90200 -42338
-89537 -1778
-89533 79487
-89341 75234
-89032 34319
-89023 35006
-88685 -64464
-88507 -26202
-88287 70385
-88219 93130
-88189 51511
-87936 56538
-87557 39371
-87529 -73322
-87501 44759
-87199 10743
-86257 22130
-85972 -5534
-85570 -23550
-85125 30501
-82771 2070
-82284 51775
-81795 65660
-81766 11410
-81557 50817
-81440 8533
-80748 -92528
-80261 73251
-79681 90754
-79233 -45867
-78051 -82967
-76775 52718
-76137 61690
-76135 -33991
-75855 99281
-73988 -6853
-73418 81238
-73033 -47395
-70426 -78253
-68164 32492
-66503 5340
-65597 -94891
-65575 39654
-65545 22527
-65092 11630
-64179 -38009
-63306 53059
-62637 -42622
-62508 -39747
-62364 89766
-62069 -97210
-61753 -22149
-61675 13693
-61642 73319
-61432 -42268
-61002 84557
-59300 -77897
-59293 99054
-58473 -59721
-57859 -38172
-57668 4946
-57393 23290
-57224 73840
-56558 -15577
-55526 -58637
-55127 -70521
-54950 50187
-54734 -67717
-54207 -29652
-54008 92083
-53666 71287
-53108 55379
-53010 -88720
-52073 -54427
-51357 -726
-51140 69204
-51015 -99434
-50345 -90118
-49878 96102
-49770 -48889
-48830 85554
-47793 22898
-47299 -59807
-46664 73868
-46508 -76727
-46455 83535
-46139 -65950
-45655 53033
-44605 23664
-43944 10462
-43454 18154
-43400 -27468
-43389 -71447
-43094 95076
-42450 -1259
-42440 63805
-40516 -71800
-40426 27469
-40397 75414
-39668 50675
-39614 33656
-39524 66875
-39426 77614
-38861 -399
-38708 43555
-38646 -16795
-38236 30893
-38033 34783
-37417 -51461
-36051 -79375
-35342 99261
-35297 38696
-34536 -26934
-33915 45839
-33348 -7178
-33202 -87449
-33039 12139
-32538 31680
-32281 1836
-32095 -42572
-31963 -71223
-31835 4110
-31171 -57543
-30521 -98632
-30509 -77518
-30245 -9692
-30088 -43029
-29089 -41076
-28987 28041
-28920 -87578
-28890 -21297
-28294 -97941
-27564 36998
-27496 13386
-27466 -98330
-26875 82624
-26606 20749
-26552 -96802
-26142 99682
-25925 -83348
-25864 22380
-25830 2999
-25659 45326
-25129 16189
-24380 -36181
-23534 -17408
-23333 -36015
-22601 84539
-22082 46843
-21588 96073
-21313 -80561
-21287 27108
-21019 31188
-19306 72965
-19171 -22988
-19065 -72069
-17882 25640
-17829 -9362
-17719 27488
-17406 -55781
-17299 -76645
-16799 87386
-16254 55365
-16076 61917
-15931 -35164
-15805 30961
-15462 -11746
-15414 57355
-14441 -18110
-14216 20376
-13992 -27592
-13977 5415
-13944 -65255
-12665 -55780
-11807 15787
-11057 43718
-10870 -10462
-10357 -30623
-10097 -4118
-9961 -78821
-9675 55267
-9337 88495
-9058 35881
-8962 74228
-8828 -85239
-8517 35573
-8365 -90013
-7062 77827
-6303 43178
-5687 -93462
-5682 -16256
-5488 66764
-5435 -90220
-5153 -89847
-3890 -56676
-2818 75749
-2573 42396
-1611 14988
-1021 49726
-601 48153
28 75877
737 88874
1326 96710
1408 -3948
1536 71450
1583 -72190
1724 23873
2121 -92880
2144 -36767
2832 51502
2863 32903
4768 -34522
4903 -18076
5601 18964
5833 -66873
5996 47846
6201 -63927
6517 1081
7021 -17307
7069 -55761
7794 -56839
8090 16976
8917 -40176
9252 5865
9483 -40292
10260 44827
10745 47205
11634 -63691
12019 -38983
12075 24443
12630 42156
13382 -11366
13521 1897
13993 64431
14846 14095
15016 89620
15133 -14719
15529 -53663
16022 70755
16199 8727
16663 -25168
17387 -17202
17637 39129
17916 52089
18137 57440
18695 -94808
19064 -8801
19086 -54645
19370 -61767
19508 -79486
20047 -38301
21680 462
22259 63317
23248 14989
24759 -41040
24798 -18683
25001 -96896
25670 -84681
25684 -81309
26037 -91292
26503 17068
26641 -63480
27169 -66297
27487 -92641
29067 -72643
30039 -88753
30335 52976
30522 -32934
30674 28645
31492 -22761
31507 -37667
31785 -3401
32459 89359
33872 -58872
34880 -80816
35374 -72390
36795 37503
38254 25022
40298 -63073
40411 1171
41809 75507
41969 11785
42403 93564
42706 -77460
43026 -66923
43671 88569
44035 86134
44428 -58311
44508 33417
45224 39828
45421 72618
45649 -72614
45759 -45084
46030 -12790
46859 -67632
46889 41189
46997 21329
47709 -25293
48204 84836
48318 -16135
49866 -96465
49876 44802
50047 12266
50606 -17718
50775 4891
51157 -53963
51551 -37675
52044 -39133
52675 68170
53266 8920
54012 42634
54089 -11572
54350 17576
54901 97008
54919 99719
56252 30390
56399 -72492
56588 45746
57052 43753
57172 -73942
57235 50339
58399 -95509
58465 -56909
58824 51374
58959 -68586
58959 -40112
59679 -37188
59787 10180
59958 -92931
60031 91622
60122 -18236
60821 9249
61545 94452
61834 -98350
62018 65511
62136 -26079
63323 -37181
63566 -78432
63585 -97543
63825 67023
64488 54801
64636 -29824
65252 -93407
65641 74279
65806 -90660
66484 -83021
66672 -80029
66720 24288
67391 84849
68259 -51794
68372 -18148
69465 -21498
71223 -23489
71932 -92150
72269 -76320
72389 16547
72510 99399
72534 25288
73067 -12862
73544 19056
73571 -40945
74004 -49372
74625 -831
74795 -30580
75091 4782
76610 4767
76687 -93670
76689 -36709
77772 45057
78085 64203
78159 39846
78510 57008
78534 -68747
80602 27218
80767 -27361
80908 -45200
81148 -40913
81290 -28488
81449 -91400
81492 -54459
81533 -28108
81730 -74643
82398 -8489
82670 -80518
83692 98969
86386 39582
87042 -81296
87166 94159
87725 84229
87952 -59018
88060 -81025
88102 -8074
88145 -38649
88595 -48194
89225 23675
89342 -41611
90333 57988
90431 -74184
91382 82903
91481 2096
92412 27097
92900 -79894
93033 -25454
93625 95840
94742 75537
95289 -8118
95474 20736
95486 70339
95786 53275
96582 417
97235 -82755
97715 -20966
98084 -87453
98105 -58428
98117 -53723
98890 96092
99556 24897
771
-99827 -68031
-99588 6586
-99157 -83473
-98520 -33427
-98428 99001
-98375 28289
-97834 9918
-97147 -47355
-97102 22470
-96526 -925
-96322 -59615
-96285 -28020
-96236 -26724
-96023 -21910
-95977 -15815
-95599 19039
-95146 13487
-94835 -49427
-94512 -17993
-94163 -29934
-93980 -67760
-93750 13913
-93568 -20046
-93385 87259
-93270 97970
-93206 99038
-93157 -21893
-93011 34472
-92744 84959
-92633 79959
-92245 35390
-91797 38956
-91442 -85162
-91230 -24401
-91135 -86691
-91056 27701
-90587 -72669
-90535 -46229
-90263 87251
-90076 38835
-89990 -5191
-89974 -17751
-89867 -71176
-89864 54314
-89604 49473
-89501 -89577
-89259 55884
-89141 -35818
-88598 -91769
-87874 31104
-87503 -17536
-87323 -89054
-86427 -54191
-86349 25180
-86299 50061
-86255 62482
-85865 -45165
-85851 -61767
-85732 45766
-85540 -60626
-85487 49772
-84832 89387
-84653 -94342
-84226 91381
-83660 23727
-83361 -57423
-83275 -64461
-82617 42914
-82502 33223
-82375 49448
-82078 72786
-81718 -76735
-81287 65631
-81182 36593
-80266 43064
-80202 -86248
-80150 99867
-79868 -16501
-79854 55315
-78837 74675
-78745 -9582
-78567 -26548
-77710 76755
-77647 -78868
-77089 -334
-77065 31523
-77044 32524
-76949 57525
-76914 94165
-76769 94489
-76618 14997
-75884 -61683
-75711 78363
-75615 12265
-75420 5624
-75360 -93978
-75047 -68519
-74924 -95795
-74888 -83202
-74433 -96681
-74277 56643
-74032 -49850
-74004 -71585
-73992 2803
-73693 55139
-73679 96030
-73295 11231
-73004 88929
-72947 95989
-72916 -52217
-72907 60248
-72808 -3217
-72731 52449
-72568 78949
-72462 -61150
-72354 -95768
-72311 -89284
-71528 52635
-71262 -1647
-71093 -54148
-70571 -35975
-70059 -65026
-70046 -56461
-69906 -32200
-69495 -59740
-69204 40544
-68685 26
-68324 -80581
-68021 26592
-67860 -26586
-67729 -60045
-66556 -61623
-66536 -5326
-65598 -99159
-65457 52763
-65232 98466
-64959 -33888
-64505 -78088
-64114 -93833
-63766 22758
-63727 7464
-63569 71732
-63521 83769
-63451 12430
-62946 22631
-62908 -4690
-62486 92838
-62009 35428
-61986 -18927
-61834 69386
-61663 -61871
-61644 19344
-61347 -50321
-61327 62078
-60455 70174
-60324 41119
-60231 -67643
-59929 -70154
-59835 -54757
-59600 -77178
-59453 -98325
-59364 -37176
-59257 -91524
-59253 -63437
-59236 -2755
-58733 86142
-58345 88682
-58215 -92509
-57938 -50343
-57788 -11617
-57466 -10127
-57252 55121
-56725 -2198
-56367 -83236
-56354 -59735
-56350 20014
-56079 33918
-55910 77077
-55398 63884
-55321 -78096
-55306 77296
-55154 81770
-55151 -84738
-54680 -45574
-54624 -576
-54140 81865
-53941 95525
-53438 -7581
-53325 91328
-53249 59251
-52721 13592
-52627 88310
-52440 38511
-52099 53433
-51734 65313
-51722 -69212
-51396 -26621
-51250 -1831
-50598 -80700
-50570 20495
-50524 77208
-50341 13401
-50176 2278
-50086 7543
-49987 21420
-49890 42993
-49748 -32811
-49723 27157
-49286 -41498
-49136 69527
-49103 -15665
-49076 85997
-48472 -38296
-48112 5998
-47359 -12555
-47309 1225
-47199 -42898
-47173 -73555
-47165 -21113
-47081 27499
-46620 -85461
-45953 9129
-44515 98391
-43801 -87832
-43704 91716
-43320 92338
-42866 -11256
-42856 78859
-42827 95894
-42740 48642
-42668 -77548
-42598 -79207
-42578 -64873
-42094 -75217
-42062 36749
-42022 25331
-41758 -31451
-41553 -32852
-41309 -40304
-41271 -7501
-41019 -76453
-39132 16816
-38906 -31786
-38763 55901
-38638 -46852
-38631 -59721
-38320 -20815
-37888 51797
-37602 -38792
-37419 12226
-37000 -11651
-36731 -11468
-36225 -67449
-35195 -40284
-34875 1698
-33717 -6822
-33591 -82773
-33170 -35746
-32579 37588
-32497 -68674
-31964 55171
-31956 -49189
-31794 -66247
-30561 26691
-30114 -25179
-30074 35542
-30009 58425
-29850 31008
-29549 1703
-28980 28196
-28779 -72983
-28606 7869
-28584 -79024
-28125 26155
-27956 -81920
-27893 46087
-27747 -85073
-27739 80798
-27461 508
-27372 37153
-26936 -52256
-26828 -68544
-26779 10687
-26521 -17384
-26387 -58147
-26313 57589
-26080 70997
-26009 21858
-25425 45487
-25391 79347
-25324 59024
-24707 20669
-24622 -43245
-24366 -66458
-24053 -76874
-24020 -38045
-23805 19240
-23685 77899
-23673 -53612
-23567 -66552
-23504 -97085
-23229 39148
-22935 -4863
-22612 47442
-22466 89867
-21574 63971
-21069 -15227
-20948 -12263
-20932 5478
-20471 -78454
-20303 21456
-20216 -31110
-20012 54577
-19792 94065
-19526 74076
-19277 -30634
-18908 -85339
-18356 -14045
-18284 -46388
-18121 65397
-17885 93515
-17476 -84881
-17425 -84710
-17409 49097
-16486 20868
-15946 19196
-15924 25212
-15905 -55311
-15895 64881
-15875 73756
-15286 82438
-14947 92908
-14906 -60562
-13770 -99877
-13616 7653
-12474 -77988
-12411 92685
-12015 74449
-11770 72082
-11502 11821
-11396 73549
-11251 -79618
-11180 -614
-11066 -34307
-10930 -47850
-10354 65833
-10317 -35918
-9821 10514
-9794 -57324
-9640 53626
-9358 97278
-9242 10528
-9116 -722
-8968 -44560
-8748 39352
-8355 41720
-8271 87919
-6685 89200
-6616 37314
-6293 23149
-6102 -8625
-5804 1896
-5790 -50885
-5066 23722
-4676 49377
-4285 92510
-4196 -88274
-3944 -50494
-3814 78110
-3702 -65676
-3102 -68132
-3020 -47278
-2954 24126
-2761 -60708
-2266 62466
-1953 -15830
-1215 68924
-865 87512
-712 -63331
-656 -75651
-508 38260
-464 73308
-447 6696
0 0
390 -70899
583 -53524
811 -59169
844 80510
1000 1000
1614 1302
1718 -29246
1850 -48641
2199 -27834
2435 -26870
2843 15567
3087 83796
3436 -56968
3855 -80421
4170 44162
4177 -53247
4311 -40319
4531 6428
4684 -27206
5146 -49330
5369 1853
5829 -62812
6053 -66977
6523 -76010
6573 -34606
6633 48210
6991 70435
7024 -54664
7393 41471
7894 4022
8272 62782
8422 -88553
8535 -63074
8591 -67445
8630 -84313
9054 33364
9256 -22803
9317 -5563
9382 97411
9994 -41782
10000 10000
10027 87763
10336 -94207
10344 63736
10507 -22815
10715 80867
11486 25500
11626 -92667
11652 -92725
12561 54154
12700 63447
13134 -50898
13179 -52647
13326 -16081
13513 -42064
13833 26730
14001 -96079
14502 -53250
14550 24460
15010 -25005
15582 -8377
15654 43200
16015 39926
16080 -49817
16102 -39015
16103 -536
16650 -39945
16857 -62656
17090 -93283
17206 -57013
17278 -29131
18009 -6575
18107 94889
18273 31392
18279 -90252
18293 -97183
18322 -80312
18327 68603
18546 -47741
18573 -88884
19093 -30825
19180 -28661
19303 -79726
19401 19782
19587 -96908
20338 -18005
20402 -81951
20492 -70793
21026 -97585
21054 -86911
21129 62090
21302 5529
21906 -69462
21924 -87410
22245 45819
22760 -29047
22813 29509
22825 -97834
22836 81328
22956 16706
23144 -57685
23554 24521
23787 -83843
23888 5263
24418 -80798
24538 31792
24700 -94769
24987 -71855
25232 26613
26119 84240
26261 96089
26401 48134
26506 74175
26630 -26759
26661 -99321
26752 53006
27673 7264
27693 95396
28338 51121
28805 20148
29179 82110
29296 60827
29307 -25283
29677 -42454
30025 99965
30198 -25002
30283 31203
30549 -52337
30560 -76929
30851 78627
31403 70859
31575 7063
31607 72168
31623 -89023
31743 83349
31841 -92399
32363 50512
32591 14237
32648 -98083
33020 -84505
33057 209
33312 -84235
33719 62538
33729 -97661
33859 -20706
33891 5371
34001 -31685
34989 8800
35486 -87928
35593 76717
36127 35809
36350 75444
36439 22286
36536 29106
36892 93558
36923 38117
37220 75121
37274 89964
37318 -31812
37850 89493
38251 -74669
38316 82646
38592 78937
38788 16842
38907 15714
39464 41951
39827 -11579
40021 -62328
40478 2072
41216 -98051
41615 59395
41787 48266
42055 56109
43137 -43664
43988 21379
44611 -67486
44847 40339
44941 -64575
44967 43006
45429 26319
46079 6678
46172 -92281
46255 -4115
46628 -96421
47144 -8929
47474 72365
47572 34112
47777 33260
48152 50142
48251 -73063
48517 -2462
48752 63460
48962 -55029
49149 46408
49418 -22256
49497 -41172
49650 -87209
49886 65225
50118 -32753
50492 -72314
50602 67711
50782 56077
50903 -21114
50907 -41164
51459 74182
51747 23783
51818 -25209
51834 5746
52140 36661
52310 -31097
52466 -79724
52809 -69028
53072 41512
53209 -32695
53676 5595
54218 -6550
54294 -49745
54307 -47912
54772 35424
55020 53317
55099 -81133
55445 -32565
55718 -60793
55805 -29599
56148 -95583
56338 -14691
56370 58310
57065 -50877
57234 14059
57460 -6984
57505 73610
57751 -42787
57815 -67733
57894 -86419
57914 -33169
57948 -31434
57999 -39248
58115 -20630
58123 -22171
58644 -45210
58647 -69742
58804 -37256
58836 11441
59264 70583
59673 -45149
59894 59257
60269 5604
60924 9423
60953 80520
60966 73997
61133 3137
61142 49968
61777 36901
61832 22238
62296 34428
62551 15130
62686 -85094
62713 -82451
62920 -66431
63007 62339
63177 -59008
63297 27324
63441 -95002
63446 70543
64463 76509
64885 92537
65941 -88167
65945 -14121
66086 -85636
66824 -36606
66877 -1084
67112 -23912
67496 77605
68034 80420
68209 34276
68256 -94768
68281 -65658
68494 36963
69316 75517
69489 -19857
69497 -42160
69732 30739
70146 80092
70284 42116
70336 34514
70476 -41630
70574 -42305
70635 -48697
70753 -24126
70759 37760
70843 56409
71362 78097
71428 66774
71586 95230
71627 -98407
71696 -7465
72059 -72011
72591 29148
72895 -53191
73534 40555
74029 80718
74195 79025
74300 26944
75432 14076
75468 23751
75499 -54918
75632 29096
75662 18525
76004 -69802
76129 -83627
77503 7450
77741 67664
78795 42963
78823 -81079
79249 -21652
79265 -29648
79275 93190
79582 -26789
79742 -14249
80089 87434
80751 37616
81494 -14158
82056 48109
82180 15952
82455 57807
82758 -73273
82776 -45039
82892 45858
82965 7048
83164 -80934
83541 -84298
83720 1980
83814 -99472
84120 97039
84353 -26320
84393 23201
84914 58517
84970 90189
85731 97387
85740 58002
85841 -37287
86072 -60072
86424 61859
86511 44442
86614 65811
86889 -27423
86928 -27037
87176 53311
87197 9056
87400 -80750
87929 64263
88063 -20245
88288 -7789
88606 -14868
89175 -45656
89364 74501
89624 -78262
89908 -32774
90054 39661
92268 -73283
92311 60330
93035 17016
93202 -31
93270 -84568
93286 -47051
93495 -50088
93644 32671
93703 7909
94341 -12384
94548 -81297
95460 -77712
95672 35509
95693 -79887
95699 -18858
95845 -64379
96169 90199
96357 99384
96862 -85866
97049 11696
97478 53169
97517 61854
97557 -89888
97632 -83785
97762 -32878
98593 -7562
98673 -83654
98790 64318
98791 17018
294
-98636 -79649
-97824 92210
-96897 35689
-96795 95548
-96723 34005
-91943 4522
-91261 90318
-90970 66772
-90145 -531
-89825 -73167
-89710 60410
-89455 -73726
-89278 74044
-88522 49206
-88029 57924
-87504 38286
-85440 46009
-83599 -90275
-83406 46961
-81501 -41754
-81109 -16616
-78083 91855
-76760 -86123
-74464 6024
-74325 9613
-74251 44497
-73911 -36012
-72187 77396
-71182 -97465
-70579 26583
-70185 -4962
-69978 42833
-67344 -39350
-67317 -75441
-66241 -95743
-65168 -39681
-64280 -83449
-63404 -93432
-63004 -83628
-62050 12040
-62023 97191
-61330 -64237
-61205 68589
-59867 23521
-59473 83320
-59449 64758
-59229 -15658
-57336 -50151
-55045 95640
-53242 77571
-51825 -96194
-51498 42447
-48927 63288
-48922 -70733
-48804 -97830
-48648 -87913
-47893 -67530
-47655 26382
-46950 -65513
-46522 -55319
-46509 -46087
-46440 -9632
-46050 -73726
-45827 -79789
-44674 74254
-44273 95265
-43535 -80994
-43367 -85193
-42644 74955
-41984 -78765
-40870 92563
-40843 67516
-40783 45925
-37730 67942
-37459 21407
-37388 51676
-36949 -93476
-36933 44288
-34730 -29420
-33978 99653
-32199 -52067
-32040 -58512
-31643 -78185
-31642 -50529
-31269 -94127
-30873 82626
-30189 77741
-30084 -70518
-29250 60192
-29181 97780
-26009 -5345
-24978 -100000
-24882 1063
-24496 8700
-24472 96694
-24262 34203
-23678 -69057
-23614 39719
-22377 -47452
-21504 80103
-21301 22496
-21275 24974
-20739 -25823
-20323 -66683
-19515 72862
-18184 63092
-17649 99868
-17388 54173
-16367 -91863
-16298 78104
-15656 55800
-14169 -4498
-13302 -62576
-13104 92357
-13060 -9914
-11989 -17139
-11342 -53354
-10674 -44179
-10336 -36739
-10050 34573
-9656 21476
-8511 16649
-8136 -46150
-7654 52501
-7342 50805
-6230 96805
-5245 -8846
-3744 87386
-3706 7243
-3192 64299
-2542 -42833
-2497 -17894
-1003 -96961
-892 -60432
-834 -74858
-12 46520
-9 41137
267 97230
2377 137
2410 68044
2547 35690
3660 18959
4520 79666
4642 24174
4788 51256
5174 -61416
5658 84143
5750 -43239
6020 68324
7768 3221
7993 -1268
9589 38764
9755 14463
10228 69115
11353 -51613
11411 -15278
12158 61187
13707 -70193
14702 27671
16905 -1399
16976 -92045
17266 87882
19078 26024
19331 4953
21927 33088
22001 -99679
22024 -3102
22160 82186
23111 18120
23127 -72841
23467 80740
23545 8050
24195 24523
25015 39162
25343 88038
26298 -35694
26650 37868
26865 -64213
27684 64644
28636 42396
29988 57821
30569 -95555
30761 -68931
30939 -25304
31758 50744
32252 771
33716 -55237
34223 26449
34783 73051
35130 -89231
35552 48747
35938 -25080
36597 3880
37935 91931
39472 26952
39805 -40763
41114 -75972
42540 -42623
42729 -83894
43744 78965
43972 -34682
44275 93862
44392 -62920
44443 46331
44544 71448
44664 -10852
45017 -26423
45272 -93797
46080 -89108
46582 -99373
46644 57186
46697 -14852
47250 -2884
47688 -20210
48219 -23659
48357 77486
49162 -80188
51723 -54025
52739 99319
52858 -99804
53580 -65042
53635 65019
54662 47725
55306 13702
55481 -47414
55582 -49241
56340 17249
57135 28376
57358 -37792
57716 98645
57936 -77957
58299 41085
58427 2833
58794 20928
59120 -44643
59377 -84900
59868 -12350
60898 -55636
61365 68855
62813 57662
62850 -74743
63609 95709
63699 37187
63733 -94177
63897 -75419
63999 14699
64730 79736
65610 -93099
65817 72541
67470 -2771
68256 -88254
71283 -1892
71459 -30752
73120 90540
73521 6752
74500 -25845
75273 -91857
77045 23541
77073 -27033
78715 -12811
79238 -33449
79548 4970
80357 -18923
80636 15701
81608 -59680
81714 -73632
82505 89492
83371 -96264
83731 -81473
84451 35031
85038 -48812
85683 19557
85849 -94735
86129 39309
86171 56519
86556 68807
87781 95129
87914 -25
88023 -70891
88910 -61962
91184 -31300
93301 -73691
93486 99175
94004 7566
94103 -20964
94484 28546
94975 -91682
96333 -84191
97675 -31418
97714 80118
97762 -11345
99296 -19584
99557 -99979
99840 -99240
99957 -76292
