821 5 1000 980
661 2 1
138 0 2
111 4 0
336 4 0
799 1 2
629 2 0
624 3 0
725 1 2
645 1 3
42 4 3
532 1 4
188 3 0
51 2 0
368 4 0
719 3 4
7 0 2
460 0 4
450 4 2
376 3 3
552 0 4
405 2 4
390 1 1
93 0 4
277 4 4
652 3 4
423 4 3
155 3 4
253 2 1
240 4 0
672 2 2
506 1 0
155 4 1
101 4 1
633 0 4
177 4 1
475 4 3
280 3 4
814 3 4
64 4 3
352 3 0
260 2 1
11 1 3
603 1 3
177 0 2
153 0 1
121 0 0
529 2 0
817 0 0
349 2 0
472 2 3
698 1 4
138 3 4
189 1 4
237 3 0
520 4 0
335 3 4
699 3 3
338 2 1
423 4 1
650 0 0
803 2 4
759 0 2
651 1 2
511 0 3
548 0 2
391 0 2
690 1 1
780 2 2
76 2 0
784 0 2
207 3 0
452 4 0
24 3 4
663 3 0
1 2 1
521 1 0
609 1 3
154 3 2
472 3 1
5 0 4
139 2 1
212 4 4
361 1 0
706 2 1
481 2 0
108 1 1
121 2 3
448 2 1
660 0 2
301 4 3
169 2 2
818 2 1
658 3 1
662 4 1
763 3 4
665 1 1
97 1 0
373 1 1
433 3 0
671 1 2
360 2 4
448 0 2
426 1 3
184 0 0
179 0 0
548 3 1
348 1 0
81 4 0
767 0 0
704 0 3
211 1 4
729 4 4
529 0 4
683 1 1
277 2 0
15 2 2
669 1 2
368 2 1
56 4 4
576 2 3
522 0 3
310 3 1
770 1 1
146 2 4
751 2 2
245 1 3
479 1 4
137 4 2
420 1 2
680 3 1
467 4 2
270 2 2
3 4 0
609 3 1
425 4 3
618 4 0
11 4 1
287 3 4
656 0 0
560 4 3
771 0 1
700 0 1
695 2 3
199 1 2
105 3 2
775 3 0
187 4 3
339 3 0
212 1 4
584 3 3
66 4 0
197 3 2
372 1 2
509 1 0
531 2 0
275 3 4
74 4 1
518 0 4
501 0 1
330 3 2
149 1 4
112 1 3
777 0 4
471 2 3
812 1 3
713 2 0
110 0 0
582 2 4
68 1 1
116 0 4
584 0 1
185 4 4
617 4 2
483 2 2
233 3 0
562 0 4
785 2 1
489 2 1
395 3 3
292 1 2
763 3 1
94 4 1
131 0 2
275 2 1
307 4 4
267 1 3
361 3 1
544 2 2
652 4 1
512 3 2
388 1 0
649 0 4
602 1 1
476 2 3
632 4 0
191 1 3
489 4 3
257 2 4
398 3 4
524 2 4
168 2 1
520 0 2
76 3 4
259 0 0
637 3 4
320 3 3
124 2 2
783 0 3
283 0 4
710 3 3
331 1 4
675 3 2
766 0 0
278 1 3
700 1 0
114 0 4
668 3 4
221 2 1
151 1 2
241 1 0
385 1 4
407 3 0
435 2 1
516 4 4
85 0 1
702 4 0
690 3 2
244 0 1
99 0 2
777 0 3
152 3 4
437 1 0
542 1 2
112 0 4
761 4 4
153 4 0
149 1 0
541 4 4
737 4 3
607 4 0
234 1 1
264 2 3
713 1 4
178 4 3
531 3 0
477 0 0
525 2 3
82 1 3
321 4 1
152 0 0
653 3 3
524 2 3
464 0 4
288 1 3
42 4 2
264 0 2
160 0 4
331 4 0
566 1 2
23 0 0
241 1 1
612 1 1
78 0 2
566 3 3
783 4 2
607 3 4
182 2 2
651 3 1
342 1 3
793 2 3
23 1 0
81 0 2
227 0 0
151 1 4
68 0 4
578 0 4
70 0 1
15 3 4
756 0 3
224 4 0
48 4 1
140 2 1
203 0 3
816 0 1
509 4 0
562 2 2
682 0 3
713 4 0
789 0 3
508 0 1
712 2 1
688 2 0
56 1 0
412 0 2
218 2 0
619 3 3
400 4 4
10 3 1
345 3 2
500 1 3
805 4 1
291 3 3
614 0 2
687 2 4
801 0 1
536 1 3
418 1 3
259 4 4
123 3 3
196 4 3
439 2 2
538 0 1
470 0 4
193 2 0
140 3 2
594 4 3
21 3 4
500 1 1
79 0 4
277 2 3
525 4 2
414 0 3
88 1 3
603 4 3
9 0 3
728 0 0
439 2 4
712 3 1
654 2 1
163 2 4
154 4 4
690 2 1
710 3 2
465 1 1
76 0 3
7 3 1
595 4 4
12 1 0
676 4 2
459 1 2
181 1 2
6 2 1
594 0 4
769 1 3
796 4 3
123 4 4
478 4 3
10 1 2
380 0 4
96 1 0
520 3 1
690 3 4
142 0 4
186 0 4
727 4 0
51 2 4
611 3 2
105 1 0
122 2 2
44 0 1
716 3 4
16 4 2
87 4 0
314 3 3
405 2 0
59 3 1
457 3 1
278 3 3
227 4 0
410 3 1
259 4 3
612 0 3
775 0 2
667 4 3
427 1 4
249 3 2
365 3 3
163 4 3
635 0 0
57 0 2
466 1 0
388 4 0
799 3 0
607 4 2
380 0 0
440 3 2
331 1 2
748 1 3
744 1 4
570 4 0
207 1 2
685 4 3
712 2 4
424 3 0
347 0 4
642 2 3
509 0 2
236 0 3
225 4 4
539 4 3
495 4 1
729 2 3
375 1 0
575 0 3
403 0 2
429 2 2
740 4 1
472 1 3
534 3 3
54 2 2
820 0 3
87 4 2
607 0 0
762 0 0
723 3 1
310 3 3
53 3 0
160 1 2
361 4 1
220 3 2
800 1 1
144 1 2
10 4 4
386 1 4
9 2 3
251 0 3
785 0 0
284 0 0
436 2 1
630 3 1
820 2 3
253 3 1
338 2 4
275 0 1
544 4 0
600 0 1
11 3 4
568 3 1
317 4 2
736 4 3
337 4 3
25 2 0
684 1 4
219 3 1
193 4 2
34 2 4
536 4 0
48 1 2
212 0 1
655 2 4
72 1 3
28 3 1
631 4 1
601 2 0
100 0 1
318 1 4
566 4 0
254 1 3
173 1 1
776 2 1
702 0 3
93 4 4
135 0 4
233 3 2
15 0 1
799 0 2
788 0 4
377 4 0
231 3 1
751 4 0
229 1 0
675 1 1
464 4 3
166 2 3
614 0 3
721 0 1
373 0 1
191 4 4
600 1 3
58 2 1
673 0 0
14 4 3
625 1 4
513 2 4
24 2 1
502 4 0
638 4 3
525 3 0
813 3 0
678 4 4
480 4 4
388 3 4
471 1 3
348 0 4
344 4 4
423 0 3
567 1 4
758 2 0
107 3 3
576 2 0
516 1 2
48 4 4
1 4 3
314 3 1
138 4 4
150 0 1
691 2 4
181 3 4
333 1 1
15 1 4
469 3 3
532 4 2
537 2 3
157 0 2
444 2 0
479 4 0
349 1 0
757 4 2
136 4 3
118 2 4
224 3 1
648 0 4
527 3 1
534 0 2
109 3 2
511 3 0
79 1 0
809 0 1
769 4 0
5 2 0
658 1 0
155 1 0
733 2 2
375 1 4
478 1 4
359 0 3
595 0 1
495 3 0
371 4 3
359 3 3
381 2 4
476 3 2
707 4 1
435 3 0
284 0 1
388 4 4
560 2 0
69 0 3
469 3 0
78 2 4
190 4 3
373 4 4
688 3 4
729 1 3
488 3 3
520 4 1
541 2 3
614 3 3
523 3 2
592 2 4
384 1 0
251 0 4
665 4 4
189 0 0
382 3 0
157 2 2
402 4 4
247 0 4
745 3 2
275 1 1
237 1 4
421 4 4
351 1 4
502 1 2
397 4 3
158 4 3
794 3 3
392 0 1
528 0 4
166 2 0
284 4 2
442 3 1
394 3 1
127 0 0
622 3 2
754 0 4
809 2 4
532 3 3
572 1 0
812 1 1
446 4 4
739 4 0
652 1 4
689 1 1
309 3 4
452 2 4
562 1 1
724 3 1
213 0 2
169 1 1
786 1 4
457 4 3
107 4 4
735 2 4
334 2 1
502 2 4
289 2 1
613 0 4
192 1 4
42 4 0
696 4 0
481 3 2
589 1 2
20 4 1
387 3 4
48 1 0
737 0 0
228 1 2
18 1 3
519 4 4
791 0 0
282 2 3
127 4 4
505 0 2
600 3 0
433 4 1
196 3 4
753 1 2
463 1 0
804 1 1
707 0 1
203 3 4
247 3 3
87 3 2
28 4 1
117 4 1
803 3 2
269 4 4
223 4 1
83 4 1
233 2 3
111 2 1
46 2 1
150 1 0
738 2 3
371 0 4
10 3 2
72 0 1
176 1 0
590 0 0
659 0 2
584 2 2
464 3 3
795 0 4
292 2 1
401 1 0
426 2 3
353 4 1
240 3 0
666 4 0
623 1 3
711 1 3
3 2 4
389 1 2
325 3 0
63 0 2
479 3 2
54 1 3
751 0 0
806 4 2
199 1 1
378 2 4
242 2 2
213 2 4
128 2 3
589 4 2
461 4 3
546 2 1
399 2 4
7 4 3
724 1 4
155 2 0
516 4 1
93 0 3
486 0 1
504 0 3
204 2 0
781 2 3
601 3 1
296 2 4
64 2 1
685 0 2
384 3 1
24 4 0
205 1 1
600 0 4
43 1 4
71 1 4
506 0 4
221 1 4
471 1 1
51 4 0
268 2 4
230 1 3
75 1 1
786 2 3
242 3 2
820 2 2
139 3 2
345 0 0
117 3 3
583 1 2
259 3 1
198 2 1
67 1 1
813 4 3
680 3 0
181 1 1
23 3 3
75 1 4
244 1 4
243 1 0
345 4 3
543 3 4
602 1 2
586 0 4
562 2 4
530 4 4
815 4 4
545 4 3
91 4 4
521 3 0
481 1 4
180 2 1
302 4 2
144 4 1
809 1 0
8 4 1
790 2 1
427 3 4
13 0 2
675 1 0
570 2 2
798 3 0
95 3 3
362 0 2
559 4 0
468 3 1
695 1 2
160 1 0
652 3 2
31 1 2
695 3 4
131 3 2
278 0 2
237 1 1
350 4 0
246 3 3
711 3 4
636 3 2
712 0 1
679 3 3
539 0 3
192 2 3
471 4 0
6 0 3
606 3 2
66 3 3
213 3 2
671 4 3
527 1 1
423 4 2
209 3 1
688 2 1
265 4 0
254 0 4
373 0 3
260 3 3
160 2 0
568 4 0
343 3 2
70 2 1
288 2 4
340 1 0
98 2 1
35 2 0
458 2 0
11 0 0
47 1 2
514 1 3
5 1 0
154 0 2
741 1 2
632 0 1
629 0 4
794 3 4
780 4 2
573 1 1
688 3 3
704 4 4
754 4 4
37 0 3
484 1 2
49 2 0
43 3 1
681 4 0
810 4 2
463 4 2
342 4 1
103 0 3
546 0 1
558 2 4
66 1 0
638 1 2
160 4 4
389 1 4
347 1 1
474 3 4
108 3 4
486 0 3
303 3 0
21 3 0
740 1 3
577 2 4
84 3 0
261 1 2
694 0 0
75 0 0
600 3 3
192 3 4
648 0 1
303 2 2
658 2 2
520 3 4
303 1 1
60 3 3
305 0 1
587 0 0
0 0 4
677 3 3
609 2 0
244 0 0
637 1 1
599 2 1
794 0 3
405 3 3
108 2 1
440 1 4
272 1 3
450 3 3
210 1 2
585 1 2
159 3 4
327 1 3
673 0 4
806 4 1
226 3 0
130 4 1
703 3 4
447 0 4
682 3 1
558 4 0
693 2 0
291 4 3
135 0 3
818 2 3
164 3 4
30 0 2
786 3 0
452 0 3
220 1 4
143 3 1
800 0 4
154 2 1
818 0 0
757 3 1
508 3 0
581 4 3
791 2 0
339 1 3
368 4 4
383 2 2
538 1 0
324 4 0
6 3 3
434 3 1
748 2 3
649 1 4
346 4 3
126 2 0
765 2 2
438 2 4
537 3 4
686 3 3
784 3 4
749 4 0
323 1 1
799 0 0
633 4 3
25 4 2
741 2 1
671 3 1
621 2 2
793 2 4
34 1 1
745 4 2
774 2 4
593 0 2
160 1 1
158 1 4
519 0 2
156 3 3
670 1 4
458 4 3
81 2 3
14 0 1
20 0 1
264 4 0
531 3 1
689 1 4
761 3 0
412 0 3
228 2 4
288 0 0
418 4 0
696 3 2
214 4 3
176 3 1
453 2 0
335 4 4
352 2 2
251 2 2
63 4 3
29 0 0
792 1 3
614 2 1
566 4 2
692 3 3
316 3 0
795 1 4
103 3 2
44 1 1
584 2 3
515 0 4
123 0 3
531 0 0
737 3 3
176 3 2
500 3 1
684 1 1
306 4 4
754 0 1
789 0 1
713 2 1
360 2 0
258 4 4
594 2 0
484 3 3
87 4 1
705 1 0
747 4 0
89 0 3
202 0 2
214 4 4
635 4 2
440 2 4
137 1 4
464 4 0
498 1 4
417 3 4
791 4 4
448 1 1
674 4 4
328 1 0
630 0 4
643 2 3
670 0 2
784 0 0
356 4 2
388 4 3
388 0 2
713 4 4
467 0 3
291 2 0
237 3 3
790 0 2
275 1 2
819 2 1
90 4 0
151 2 0
331 1 0
768 2 0
555 1 2
390 1 0
34 0 2
810 3 0
479 4 2
21 1 1
612 2 3
816 1 2
B 707 622 0 701 0
B 25 458 4 564 2
C 767 2 4
B 711 82 3 247 2
B 218 280 4 230 4
C 265 2 1
B 446 63 1 502 0
B 41 142 3 57 1
B 87 427 3 423 2
B 766 97 1 418 0
B 429 323 3 655 4
B 114 744 0 631 1
B 179 741 4 380 1
B 245 91 4 582 2
B 225 84 4 778 4
C 758 1 0
B 421 586 2 543 3
B 543 232 4 436 4
B 806 342 3 317 4
B 600 411 2 147 3
B 63 685 3 23 3
C 183 4 3
B 772 720 1 365 3
B 645 391 3 320 1
B 567 265 4 33 3
B 503 573 3 77 2
C 286 3 3
B 166 27 4 197 0
B 636 700 2 27 3
B 702 467 3 222 4
B 414 18 0 281 4
B 733 166 2 204 0
B 513 509 0 171 0
B 817 504 2 752 0
B 207 154 3 46 2
B 274 340 3 156 3
B 261 633 1 215 1
C 455 2 1
B 163 509 3 766 0
B 483 789 2 481 3
B 667 535 4 120 3
B 734 735 2 388 2
C 533 0 3
B 214 190 3 443 2
B 625 200 3 298 1
B 638 204 0 54 2
B 564 227 2 647 2
B 777 567 4 259 4
B 204 814 3 222 4
C 657 3 4
B 674 352 3 92 2
B 300 47 3 205 2
B 724 0 0 811 3
C 796 3 4
C 360 0 4
B 68 491 4 163 2
B 216 532 1 180 4
B 391 647 0 48 3
B 624 364 4 201 0
B 726 711 1 585 3
B 525 314 1 201 3
B 376 613 3 769 0
B 254 557 3 225 4
B 435 752 4 804 3
B 617 553 3 689 2
B 728 390 1 625 0
B 320 566 4 339 1
B 234 458 2 244 4
C 242 1 3
B 309 230 1 288 3
B 495 763 2 235 0
B 214 488 4 701 1
B 243 467 2 731 1
B 681 206 2 560 4
B 238 42 4 298 4
B 722 366 1 47 0
B 357 602 2 284 0
C 0 1 4
B 779 558 2 56 1
B 663 714 1 258 2
B 629 149 4 608 4
B 493 293 4 333 0
B 758 230 0 43 3
B 526 370 0 474 2
B 270 98 2 635 0
B 102 117 0 396 2
B 273 810 4 549 3
B 396 402 1 463 3
B 185 644 2 212 1
B 158 623 1 745 4
B 142 361 0 438 3
C 643 4 2
C 386 4 0
B 681 364 2 42 3
B 324 4 0 40 1
B 641 315 3 86 2
B 465 481 4 260 2
B 330 211 3 417 1
B 220 447 0 727 0
B 302 164 3 441 1
B 690 656 3 457 2
C 301 0 1
B 221 670 4 266 0
B 514 508 3 559 0
B 685 172 4 809 2
B 467 447 2 195 2
B 651 28 4 413 3
B 232 748 3 526 1
B 436 554 1 195 3
B 209 521 1 313 1
B 776 712 1 95 4
B 166 171 2 61 4
B 342 61 0 397 2
C 670 3 3
B 106 181 2 144 2
B 237 221 2 151 2
B 399 172 3 47 4
B 630 446 3 688 1
B 142 306 1 155 2
C 315 0 2
B 660 184 2 486 3
B 329 227 4 138 1
B 12 418 1 417 0
B 8 312 3 700 1
B 307 347 3 492 3
B 50 368 1 589 4
B 696 624 0 292 3
B 351 263 0 512 2
B 664 193 4 195 1
B 403 605 0 791 1
B 263 134 3 718 4
B 228 818 2 238 0
B 336 360 0 573 2
B 456 238 2 161 4
B 97 78 2 228 0
C 561 4 2
C 74 0 1
B 307 638 2 426 2
B 563 734 3 426 3
B 194 36 4 463 1
B 341 26 1 760 3
C 140 4 0
B 517 76 0 288 1
B 392 624 2 22 1
B 747 812 4 2 0
B 334 658 1 68 1
B 61 561 2 352 1
C 66 1 3
B 579 776 0 416 1
B 542 439 2 727 3
B 456 126 4 1 2
B 375 791 1 229 2
B 697 725 1 387 2
C 319 3 3
B 195 470 3 538 0
B 284 171 4 57 0
B 450 445 4 810 0
B 704 675 3 183 2
B 341 783 3 75 1
B 610 352 2 188 1
B 573 286 3 679 1
B 476 183 1 682 0
B 658 550 3 236 0
B 782 552 1 525 1
B 372 536 2 138 1
B 454 293 1 272 1
B 432 252 4 725 1
B 185 245 0 692 4
B 503 448 3 658 1
B 25 30 2 311 1
B 322 415 0 595 1
B 96 118 4 461 3
B 288 470 0 276 0
B 809 386 1 397 2
B 620 325 1 184 2
B 301 565 1 170 4
C 424 0 2
B 565 281 4 803 3
B 107 97 1 83 2
B 740 601 4 422 1
B 188 781 3 781 1
B 172 408 0 722 2
B 621 203 3 402 1
B 93 747 3 559 0
B 248 323 0 17 2
B 721 129 3 496 4
B 778 76 3 443 1
B 336 143 1 263 2
B 645 339 4 731 1
B 443 74 2 714 0
B 202 212 1 146 1
B 795 528 1 330 0
B 118 808 1 459 0
C 428 2 4
B 28 337 3 805 4
B 575 602 2 326 0
B 376 686 0 205 4
B 806 91 0 62 0
B 228 654 2 176 0
B 607 551 1 689 3
B 150 51 0 104 2
B 456 298 1 277 2
B 202 397 1 650 3
B 510 359 4 126 3
B 57 810 0 157 0
C 21 2 1
B 450 135 2 1 4
B 151 249 3 103 4
B 513 728 4 593 1
B 642 513 1 70 2
C 338 2 0
B 651 262 2 584 0
B 279 561 0 570 4
B 353 99 3 733 2
B 698 289 1 757 2
B 184 445 4 679 3
B 535 721 4 239 3
B 545 534 4 28 1
C 382 4 4
B 4 114 0 818 0
B 187 433 4 586 3
C 725 3 4
B 242 154 2 99 0
B 446 182 0 7 1
B 747 444 2 473 2
B 395 699 1 747 4
B 94 150 4 564 1
B 530 149 3 673 4
B 140 208 3 537 1
B 222 638 2 776 4
B 426 574 3 192 3
B 20 409 0 606 3
B 355 460 3 659 4
C 379 2 0
B 302 509 1 278 2
B 475 315 0 518 2
B 510 115 1 414 4
B 120 323 1 434 2
B 475 659 1 176 4
B 712 126 3 62 3
B 780 88 0 752 3
B 289 102 0 436 0
B 757 589 0 467 1
B 801 33 3 324 0
B 458 653 3 272 4
B 503 789 3 590 3
B 116 79 1 525 0
B 145 722 2 236 0
B 701 106 2 78 0
B 46 345 2 681 2
B 200 183 1 522 0
B 452 419 0 499 2
B 666 164 4 763 2
B 107 578 3 564 4
C 668 3 0
B 441 803 0 224 1
B 376 308 4 29 3
B 811 479 3 15 4
B 273 621 4 165 1
B 808 507 3 313 3
B 154 282 1 87 1
B 143 306 1 252 1
B 100 800 4 768 3
B 343 319 2 728 2
B 32 464 0 101 2
B 261 126 2 810 3
B 804 789 4 75 0
B 797 512 2 106 3
B 197 696 3 195 4
B 361 328 4 697 3
B 493 525 1 700 0
B 422 108 2 367 1
C 341 2 1
B 400 586 1 597 1
B 282 605 2 556 0
B 577 815 3 389 1
C 22 0 3
B 700 403 4 142 3
B 559 483 4 194 4
B 46 193 1 818 2
B 424 466 0 253 2
B 771 286 1 212 3
B 805 429 4 593 1
B 138 384 4 541 0
B 717 54 4 441 2
B 628 340 4 37 1
B 102 48 4 17 0
B 480 519 3 220 0
B 236 683 0 652 3
B 40 689 1 148 1
C 158 2 3
B 217 128 4 94 3
B 546 381 4 174 2
B 491 493 3 212 0
B 178 484 0 116 3
B 365 434 3 211 2
B 573 160 0 197 3
B 371 809 1 175 1
B 727 6 4 106 1
B 806 322 0 278 1
B 22 25 1 7 4
B 703 596 4 124 0
B 99 430 1 211 0
B 265 542 4 550 2
B 786 229 4 660 4
B 63 432 0 484 4
B 300 98 3 384 4
B 53 323 3 210 2
C 285 2 3
B 271 563 0 17 0
B 668 408 4 90 4
B 818 350 4 33 3
B 305 272 4 736 0
B 445 260 1 21 2
B 231 536 0 289 0
C 709 4 1
B 471 127 2 668 1
B 644 162 4 653 2
C 234 2 1
C 140 0 3
B 587 515 2 722 2
B 103 430 1 743 2
B 557 764 0 379 0
B 157 797 1 381 2
C 146 1 0
B 244 308 3 465 0
B 723 555 4 345 3
C 24 1 1
C 527 1 3
B 791 545 1 445 2
B 778 798 3 482 4
B 96 397 0 496 0
B 475 145 4 133 0
B 388 532 3 144 1
B 410 92 4 535 0
B 37 261 2 584 3
B 302 648 0 235 3
B 265 356 2 351 3
C 634 2 1
B 369 154 4 66 4
B 30 816 0 714 0
B 361 756 0 547 0
B 40 543 2 88 3
C 226 3 4
B 268 85 0 766 4
B 213 247 2 22 1
B 508 510 4 90 3
B 539 477 4 548 0
B 794 756 3 178 4
B 456 533 1 574 3
B 455 431 4 284 3
B 569 260 1 415 1
B 201 204 4 232 2
B 605 280 3 18 0
B 300 250 2 471 3
B 109 362 1 332 3
B 261 269 2 563 4
B 811 716 3 98 2
B 815 24 0 685 3
B 22 686 2 78 1
B 12 301 1 133 1
B 174 796 3 351 0
B 494 466 1 383 0
C 801 4 2
C 124 3 4
C 658 2 1
B 105 639 2 550 1
B 22 404 1 191 2
C 805 4 2
B 155 128 3 767 4
B 661 270 4 519 0
B 504 723 1 278 3
B 803 348 4 670 0
B 38 126 0 539 3
B 541 40 2 473 0
B 189 218 2 135 3
C 707 3 0
B 684 749 3 246 3
B 25 263 4 233 1
B 296 81 2 89 0
B 554 374 2 603 2
B 185 626 0 269 3
B 23 128 0 336 4
B 130 110 4 329 4
B 48 6 2 235 1
C 806 1 2
C 71 1 4
B 122 357 0 402 4
B 209 533 0 2 3
B 561 320 1 751 0
B 65 706 4 135 2
B 37 517 1 318 2
B 764 564 0 795 4
B 126 187 3 554 0
B 318 756 1 690 0
B 333 292 1 475 0
B 550 672 2 696 4
B 430 574 2 127 1
B 48 472 0 193 3
C 337 4 3
C 222 1 4
B 457 701 3 47 3
B 696 68 0 743 0
B 522 477 1 716 3
B 182 190 3 741 3
C 410 0 0
B 290 694 4 784 3
B 774 327 0 73 2
B 681 436 1 409 4
B 518 83 2 702 1
B 470 459 0 720 3
C 223 4 1
B 601 286 0 222 1
B 665 770 1 572 3
B 392 40 4 559 2
B 278 28 0 755 4
C 419 4 0
C 84 3 4
B 313 438 2 106 0
B 581 134 1 227 3
B 789 264 1 489 3
B 776 357 2 571 2
B 674 448 4 427 4
B 520 650 1 760 3
B 804 343 4 308 0
B 441 676 1 662 2
B 432 183 2 644 2
B 593 59 2 304 0
B 4 682 1 427 0
B 291 229 0 727 1
C 131 2 4
B 434 412 3 570 0
B 753 5 2 502 1
B 791 596 4 360 1
B 423 281 0 683 1
B 115 604 3 794 1
B 672 212 2 754 1
B 507 480 2 500 0
B 6 403 4 670 4
B 115 123 1 321 3
B 423 335 3 538 4
B 59 602 0 721 3
B 82 462 4 381 2
C 639 3 1
B 150 398 1 479 0
B 341 220 3 65 0
B 606 680 3 328 0
C 613 4 4
B 28 18 3 260 3
B 427 251 4 87 0
B 720 689 4 214 2
B 595 117 4 579 1
C 5 2 2
C 373 2 4
B 1 195 3 819 0
B 521 186 2 357 1
B 434 154 4 106 4
B 478 159 3 199 4
B 139 55 2 84 4
C 134 4 2
B 796 387 1 611 4
C 522 2 1
B 805 313 2 711 3
B 639 616 1 259 3
C 681 1 4
C 766 2 4
C 224 0 1
B 442 803 0 539 4
B 255 693 2 777 2
C 797 3 4
B 59 641 0 39 1
B 473 742 4 665 3
B 391 436 2 42 2
B 97 135 3 433 2
B 764 346 2 561 4
B 562 69 1 512 0
B 344 506 2 602 3
B 770 780 2 205 0
B 180 766 3 274 4
B 764 786 3 494 1
B 627 416 0 611 1
B 378 570 1 770 4
B 248 427 3 301 3
B 136 10 0 801 4
C 686 1 3
B 45 163 4 88 3
B 784 212 3 225 3
B 708 617 0 622 0
B 63 25 4 386 3
B 155 801 1 161 2
B 536 114 3 66 2
C 130 4 3
B 454 412 2 57 1
B 154 246 3 294 1
B 406 452 2 0 1
B 784 242 1 464 1
B 803 647 4 8 4
C 275 0 4
B 412 143 4 286 3
B 420 267 4 202 1
B 2 379 0 555 3
B 510 90 0 345 3
B 668 293 3 7 3
B 464 328 0 411 2
B 776 304 0 716 2
C 798 3 3
B 555 352 3 468 2
B 200 759 3 586 3
B 255 408 4 562 3
B 763 722 4 617 1
B 398 715 2 179 0
B 711 588 0 645 0
C 31 3 0
B 536 426 3 619 0
B 806 156 4 661 2
B 82 461 1 110 0
B 15 184 3 707 2
B 84 589 1 539 4
B 440 155 2 103 2
B 748 582 1 534 3
B 275 792 3 718 1
B 594 514 4 119 1
B 766 420 0 455 2
B 109 133 1 69 1
C 563 2 0
B 179 725 3 613 1
B 98 2 1 559 1
B 523 686 0 165 4
B 30 737 2 197 3
B 519 488 0 275 1
B 673 195 0 406 4
C 322 0 2
B 559 216 1 490 3
B 462 223 1 360 4
C 398 4 2
B 276 107 2 259 2
B 611 40 0 86 2
B 818 145 0 390 2
B 563 547 2 578 0
B 327 105 1 752 4
C 13 1 2
C 770 1 4
B 799 107 4 703 2
B 109 56 4 595 4
B 756 675 4 47 1
B 22 679 4 197 3
B 318 684 1 797 1
B 637 438 1 281 0
B 317 442 4 434 0
B 399 526 3 344 1
B 572 62 0 722 2
B 210 273 2 762 0
C 581 0 2
B 660 279 4 171 1
B 800 85 4 456 3
C 296 4 4
B 328 686 0 19 3
B 633 384 3 710 1
B 588 289 2 228 2
B 293 54 2 580 2
B 426 100 3 731 1
B 710 789 2 658 4
B 117 466 1 604 4
C 15 2 2
B 75 732 4 38 0
B 662 623 4 494 2
B 402 281 4 214 0
B 721 278 3 190 2
B 424 189 2 710 0
B 544 734 1 93 0
B 66 272 2 342 3
B 295 33 4 676 0
C 483 3 2
B 544 249 3 182 0
B 524 706 3 22 4
B 118 493 0 623 0
B 300 35 3 312 0
B 100 536 1 671 3
B 751 763 1 654 4
B 334 349 1 493 4
C 122 0 1
B 181 278 0 309 3
B 144 433 2 192 1
B 450 183 4 327 4
C 702 3 1
B 593 366 0 717 3
B 460 474 2 232 3
B 129 789 3 557 3
B 103 437 2 674 0
B 659 314 0 750 4
C 659 1 1
B 168 125 3 752 4
B 556 325 2 431 4
B 484 360 3 14 0
C 107 1 3
B 340 796 4 91 1
B 21 484 3 288 2
C 391 4 1
C 287 0 1
B 447 508 1 153 4
B 243 785 1 111 3
B 712 323 0 739 3
B 411 816 1 543 4
B 742 564 3 211 1
B 742 531 0 512 0
B 307 38 3 626 2
B 803 741 3 91 1
B 552 384 1 164 4
C 422 2 2
B 79 33 4 453 0
B 324 611 1 352 1
B 339 447 0 148 4
B 144 534 2 23 4
B 525 221 0 140 4
B 599 46 3 324 4
B 736 710 4 18 4
B 730 682 4 348 3
B 503 484 0 223 0
B 231 435 3 214 1
B 815 459 3 119 0
B 748 585 4 181 4
B 628 53 2 457 2
B 654 817 4 542 4
B 380 227 1 671 3
B 170 539 3 819 3
B 565 291 0 795 1
B 342 322 2 22 3
C 368 4 2
B 752 475 0 694 3
B 210 78 1 751 1
B 662 615 2 607 3
B 702 445 0 622 3
B 526 685 3 689 2
B 737 455 4 82 2
B 22 774 3 291 0
B 383 103 2 513 3
C 302 1 3
B 487 462 3 168 1
B 192 629 0 47 0
C 413 3 1
C 128 2 3
C 144 0 4
B 182 660 1 583 1
B 69 421 0 63 3
B 499 20 2 702 2
B 417 294 2 122 1
C 544 2 4
B 325 776 3 520 1
B 809 777 4 98 2
B 131 809 1 74 1
B 264 175 4 459 0
B 175 177 2 632 0
C 343 4 4
B 408 296 0 257 1
B 215 450 1 102 4
B 0 393 1 335 1
B 708 555 2 683 1
C 805 2 4
B 456 568 0 563 3
B 449 356 3 625 0
B 9 108 4 185 4
B 118 564 4 126 3
B 748 722 2 614 1
B 280 221 1 36 0
B 421 433 3 543 3
B 106 132 0 595 2
B 367 695 0 393 1
B 226 752 2 324 2
B 116 363 2 615 3
B 199 803 4 122 1
C 620 2 3
B 48 697 2 316 1
B 471 248 4 46 3
B 449 311 1 509 3
C 688 0 4
B 448 27 4 407 3
B 459 678 0 600 2
B 194 712 4 270 2
B 121 267 2 742 2
B 203 385 2 170 1
B 691 611 4 804 2
C 274 0 4
B 805 329 2 285 3
B 282 147 0 260 1
B 634 279 0 157 0
B 9 530 4 738 0
B 27 583 2 290 4
B 434 808 1 612 4
B 116 260 2 147 3
B 747 308 1 29 2
B 149 468 4 737 3
B 303 234 4 523 4
C 472 1 2
B 138 408 2 168 0
B 101 674 4 213 4
B 618 336 3 97 3
B 156 707 3 334 4
B 0 44 4 567 1
C 64 2 3
B 562 37 4 62 4
B 331 698 0 221 3
B 612 483 1 25 4
B 771 723 0 645 3
B 573 270 3 146 3
C 148 1 0
C 371 2 0
B 44 398 1 119 2
B 804 451 1 231 2
C 591 4 4
B 175 150 4 211 1
B 385 594 2 609 1
B 41 798 3 457 3
B 33 452 4 522 1
C 502 1 4
B 356 716 0 455 0
C 665 1 3
B 193 16 3 243 3
B 748 181 3 472 0
B 275 172 2 726 0
B 546 498 0 281 0
B 256 32 2 573 2
B 439 454 3 280 0
B 479 794 4 485 0
B 260 401 2 232 4
B 183 10 2 335 1
C 664 0 1
B 166 444 3 273 0
B 378 252 0 680 2
C 791 3 3
B 515 656 0 724 0
B 225 125 3 279 4
C 198 4 3
B 278 600 3 284 1
B 663 53 4 570 2
B 539 30 4 497 4
B 285 272 2 170 0
B 733 218 2 369 0
B 144 235 0 483 2
C 369 0 3
B 804 249 2 301 3
C 61 1 0
B 653 693 1 373 2
B 449 761 0 324 4
B 431 87 3 224 3
C 56 0 3
B 630 182 4 95 2
B 381 98 0 218 0
B 78 174 1 181 0
B 439 635 2 80 0
B 29 35 3 809 3
B 555 377 0 417 4
B 326 129 1 577 3
B 631 5 4 390 3
B 770 402 4 308 3
B 226 780 2 245 0
B 607 221 1 434 0
B 175 322 3 549 4
B 458 496 2 95 1
B 363 302 0 693 0
B 654 163 0 9 0
B 129 322 0 77 4
C 231 4 3
B 477 470 3 751 0
B 743 290 4 694 1
B 423 763 0 29 3
B 774 321 1 131 4
B 720 129 4 173 3
B 583 704 1 533 4
B 786 625 0 126 0
C 591 2 0
B 783 713 2 352 3
B 2 565 0 85 0
B 671 257 2 24 2
B 307 540 0 223 1
B 468 282 1 62 4
B 262 37 2 706 1
B 272 432 0 756 3
B 444 345 4 149 2
B 649 181 4 56 0
C 398 3 2
B 64 744 0 24 3
B 377 101 2 35 3
B 275 121 4 660 2
B 354 276 4 284 0
B 686 662 3 221 3
B 382 669 0 489 1
B 447 714 2 284 2
B 368 160 0 448 1
B 655 791 4 34 3
B 122 102 2 618 3
B 728 434 3 332 3
B 593 9 4 718 1
B 246 167 4 49 4
B 0 199 0 458 3
B 285 133 0 426 3
C 296 0 0
B 266 778 2 497 0
B 392 603 3 794 2
B 744 756 1 40 3
B 645 189 4 245 1
B 819 347 2 437 3
B 1 290 1 85 3
C 24 1 2
B 541 37 4 285 3
B 696 17 2 146 3
B 495 261 1 428 2
C 7 0 1
C 120 0 4
B 391 130 4 386 1
B 219 542 0 693 3
C 15 1 4
C 130 4 4
B 574 53 1 423 3
C 343 2 0
B 436 92 4 454 4
B 244 109 3 571 3
C 244 4 2
B 624 254 4 688 4
B 431 579 3 365 1
B 670 479 2 444 4
B 101 103 0 741 1
B 674 236 2 717 4
B 100 786 0 603 0
B 480 52 1 7 1
C 303 1 2
B 747 743 3 95 4
B 734 3 2 557 0
B 291 738 0 108 0
B 53 525 3 591 4
B 645 19 1 113 3
C 203 3 2
B 430 811 0 417 2
B 773 763 0 482 4
B 408 66 1 750 2
B 646 321 3 507 3
B 610 670 2 689 2
B 773 49 0 153 2
C 800 1 1
B 530 89 1 423 1
B 219 550 2 291 2
B 453 451 3 348 1
B 28 190 0 598 1
B 548 577 3 820 4
B 500 375 3 466 2
B 675 618 1 14 0
B 561 359 1 528 3
B 739 757 4 88 0
C 185 4 2
B 28 304 3 598 3
B 163 227 1 608 0
C 627 2 1
B 356 496 2 193 0
C 35 4 1
B 352 819 3 205 4
B 194 11 4 72 3
B 682 112 4 320 4
B 299 197 1 10 2
B 118 806 1 678 0
B 769 631 3 625 3
B 254 233 3 560 0
B 25 216 3 427 1
B 532 721 3 431 4
C 285 2 1
B 79 638 1 799 4
B 423 500 3 694 1
B 770 443 3 513 2
B 572 700 2 587 3
B 813 660 0 706 3
B 788 756 4 174 0
B 216 672 0 563 3
B 141 462 4 802 4
B 380 342 1 56 1
B 661 365 4 218 1
C 457 4 2
B 448 720 2 579 1
C 170 3 3
B 330 635 4 621 1
B 566 16 3 748 3
B 318 739 3 676 2
B 228 497 0 430 4
C 788 0 0
B 409 369 2 369 2
B 772 466 0 319 2
B 319 204 3 599 0
B 644 582 0 390 4
B 308 812 1 129 0
B 156 658 3 356 2
B 274 215 2 353 4
C 471 3 1
B 612 296 4 221 1
B 579 747 0 541 4
B 100 217 1 459 1
C 397 1 2
B 628 597 1 444 1
B 602 347 1 633 3
B 173 327 4 200 2
B 595 663 1 501 1
B 452 346 0 29 4
B 425 259 0 247 2
B 724 170 0 26 2
C 610 1 0
B 657 87 0 630 2
B 818 521 4 105 2
B 502 175 4 80 1
B 293 135 1 297 0
B 171 485 1 505 2
B 43 572 0 630 2
B 159 375 2 416 4
B 342 377 0 113 2
B 752 147 4 452 4
B 70 364 1 493 0
C 210 4 2
B 569 646 1 814 3
B 183 613 0 388 4
B 628 375 3 734 2
B 319 498 0 98 4
B 499 684 1 730 0
B 614 805 3 257 2
B 161 363 1 805 2
B 714 663 4 643 3
B 555 162 0 794 3
C 207 2 3
B 198 186 4 555 3
B 644 617 3 225 2
B 572 360 3 773 0
C 469 4 2
B 177 492 4 1 0
C 723 2 2
B 342 585 4 565 1
B 462 128 4 474 1
B 434 220 3 134 1
B 469 744 1 514 4
B 681 594 0 797 3
B 431 615 3 668 3
B 128 803 3 312 1
B 121 801 1 557 2
B 218 635 3 746 0
B 631 58 4 493 4
B 742 47 3 773 3
B 820 271 3 453 0
B 657 627 4 74 0
C 619 1 2
B 277 812 2 503 4
B 187 381 3 46 1
B 99 137 3 175 1
B 109 781 3 7 2
B 352 632 4 326 3
B 216 316 2 351 1
B 197 600 2 518 4
B 562 174 3 445 0
B 789 798 4 315 1
B 316 159 4 99 2
B 126 337 2 649 2
C 660 3 0
C 272 2 3
B 83 563 0 572 2
B 248 312 4 669 2
B 302 282 1 565 1
C 208 4 1
C 346 0 0
B 43 492 1 60 1
B 39 355 0 442 1
B 766 469 3 454 1
B 353 564 0 654 4
B 712 425 2 83 4
B 775 696 0 495 1
B 258 20 3 80 3
B 668 454 1 529 1
B 1 496 4 645 4
B 657 227 4 459 1
C 652 2 0
B 450 432 1 794 3
B 260 688 1 279 0
B 164 621 1 596 0
B 243 784 1 21 2
B 718 728 0 632 3
B 493 4 0 493 2
B 65 819 0 270 3
B 4 127 4 420 1
B 260 625 2 234 1
