724 5 1000 950
662 2 4
428 4 1
28 3 2
325 3 0
278 0 2
97 3 0
58 4 1
482 2 3
82 2 3
606 1 4
403 2 4
305 4 0
300 3 2
273 0 2
660 1 4
165 2 2
373 4 4
92 2 2
662 1 3
406 0 2
461 1 1
4 4 2
663 2 3
494 0 2
64 1 1
44 2 4
707 0 2
647 1 1
146 1 4
464 0 3
418 0 0
674 1 3
167 1 1
20 3 2
578 2 0
187 3 0
116 3 0
295 3 4
663 4 1
386 3 3
415 4 4
385 2 4
417 1 2
584 2 0
552 3 1
561 1 4
263 4 0
247 4 1
266 3 4
521 0 0
75 4 3
646 0 3
31 0 3
427 2 0
13 1 4
316 4 2
538 2 3
586 3 4
414 4 3
421 2 2
449 3 2
487 4 3
99 2 1
229 1 0
135 4 4
380 1 0
123 1 3
423 2 0
265 1 3
595 0 4
210 4 3
147 1 2
509 1 1
172 4 2
111 4 0
252 2 2
234 3 0
676 0 1
366 1 1
222 1 3
124 4 3
103 3 4
297 0 2
640 2 4
677 3 1
322 2 2
647 4 1
568 3 3
42 1 4
121 4 3
86 2 3
676 0 4
691 1 0
131 1 0
658 2 3
167 1 4
546 0 2
712 2 0
363 3 3
413 2 4
438 1 3
23 4 0
717 4 4
438 4 3
709 4 2
294 2 2
478 1 1
248 0 4
191 2 2
359 0 4
538 2 1
190 0 2
525 3 2
717 4 0
691 3 2
125 0 3
371 3 4
161 3 1
436 1 2
211 1 3
640 4 1
715 4 2
117 2 0
302 1 4
53 0 0
448 2 0
500 4 1
109 1 0
91 2 3
169 0 1
351 2 3
60 4 2
585 0 2
299 4 2
313 4 2
253 2 4
246 1 1
401 0 2
123 0 2
285 2 3
458 1 0
485 3 0
182 2 2
423 4 2
96 4 4
643 3 0
351 4 0
213 0 1
720 2 0
150 2 4
350 2 4
379 2 3
274 1 3
244 1 0
119 1 4
65 4 0
246 2 1
293 2 1
583 0 2
166 3 1
268 0 2
384 4 2
106 4 3
354 4 4
210 3 2
208 2 2
215 1 4
634 3 2
169 3 2
264 4 0
398 4 4
687 0 3
162 3 3
374 3 3
37 4 3
543 2 0
637 3 1
559 1 4
221 2 3
26 1 0
234 4 4
378 4 2
518 4 1
348 4 1
694 0 1
17 0 3
140 0 2
533 4 0
685 4 0
699 0 4
716 2 0
244 1 2
206 3 4
317 3 2
141 4 4
488 4 2
157 1 2
479 3 1
659 4 3
629 1 0
358 2 3
374 0 2
583 3 4
195 0 2
466 4 0
429 2 2
27 2 3
689 1 1
380 3 0
335 2 4
109 0 3
497 1 4
168 2 3
182 1 0
281 2 3
43 4 4
147 2 4
79 3 1
208 3 2
459 1 2
543 4 2
604 2 3
25 4 3
157 1 0
463 0 3
256 3 1
387 0 3
513 0 3
591 2 1
565 1 4
185 4 4
691 1 4
19 1 2
644 0 0
512 0 2
226 3 4
464 1 4
548 2 0
631 2 4
150 1 1
654 0 1
157 0 2
212 0 4
111 4 2
214 3 4
608 3 4
103 3 1
58 0 0
54 4 1
15 2 1
7 0 2
21 4 1
283 1 2
44 2 1
666 3 3
272 0 4
292 0 2
487 4 4
404 0 1
176 3 0
90 0 2
92 2 4
387 2 0
354 2 0
106 2 2
625 3 3
533 1 3
345 3 1
436 3 4
15 0 0
301 2 0
328 2 4
318 1 4
657 4 1
162 2 4
135 4 1
580 4 3
107 4 1
692 1 4
146 0 4
356 1 4
550 3 1
239 4 4
578 0 0
455 4 4
476 3 0
317 2 4
514 2 3
716 3 1
68 4 0
203 1 3
192 3 2
422 4 4
292 2 0
126 4 0
193 4 1
69 3 0
251 3 4
34 4 4
22 2 4
670 0 3
180 1 2
23 1 2
96 2 0
126 3 3
193 4 2
387 2 4
451 0 4
117 4 4
300 1 0
646 2 2
476 0 3
128 0 1
155 4 0
492 0 0
553 1 0
60 2 0
251 1 1
470 2 4
549 4 3
482 1 3
551 3 1
160 4 1
699 2 2
71 4 1
721 1 4
426 2 4
154 0 2
526 3 1
715 3 3
464 2 3
404 2 1
617 0 3
720 1 0
430 2 1
56 3 3
135 0 2
54 0 3
535 3 4
346 4 1
52 3 2
655 1 0
5 4 3
252 4 4
360 4 1
377 2 1
681 0 2
200 3 3
442 4 2
74 4 3
401 4 3
273 0 0
523 3 1
136 2 3
207 4 3
639 3 4
18 4 2
383 2 4
476 4 4
304 0 0
545 1 0
443 0 0
614 0 2
690 0 0
464 3 4
675 2 2
666 1 4
527 0 2
657 0 2
674 1 1
334 0 0
45 1 0
350 0 4
271 2 2
436 4 4
637 4 0
264 3 0
604 4 3
587 0 4
13 1 0
715 2 4
633 3 1
210 2 0
224 0 0
170 4 2
643 2 1
291 4 2
496 3 1
1 3 0
679 4 2
57 4 0
270 1 4
368 2 1
277 3 1
32 0 4
671 2 2
500 2 1
131 1 4
723 4 4
505 0 4
319 2 2
114 1 3
241 1 0
205 3 4
464 4 1
449 3 1
506 3 3
424 0 3
293 4 2
145 4 3
681 4 1
258 3 1
538 3 4
600 2 3
181 1 2
313 2 1
486 1 3
526 4 4
520 4 2
574 1 0
588 1 3
623 3 4
517 0 1
425 4 0
564 1 0
159 3 1
54 4 0
614 1 0
692 0 2
50 1 2
490 3 1
663 3 2
567 1 3
173 0 0
329 0 3
356 0 1
627 3 3
606 3 3
274 2 4
20 2 2
218 3 0
396 2 1
550 3 2
123 4 3
341 4 1
205 3 2
236 3 3
44 4 4
533 2 4
654 0 2
289 4 2
81 3 1
578 0 4
419 4 0
505 1 4
345 2 3
497 2 3
558 0 4
390 1 0
183 3 0
574 3 1
656 2 0
179 2 1
91 0 2
566 1 4
657 2 3
238 0 2
44 2 2
325 0 1
426 3 0
349 1 1
43 2 1
358 4 0
490 3 3
308 2 0
150 1 0
345 0 2
522 3 0
712 2 3
571 1 3
571 1 4
723 4 2
335 1 4
564 4 0
8 1 2
284 0 3
520 1 0
150 4 3
98 0 2
85 4 4
438 2 3
23 1 1
365 3 4
138 2 0
69 3 1
143 3 0
407 4 2
628 4 0
384 3 1
340 1 0
681 2 2
131 4 1
496 4 1
99 3 0
488 3 1
525 0 1
101 2 4
669 3 2
3 0 0
158 0 1
614 2 1
256 2 0
116 0 0
700 0 1
252 1 0
399 3 0
623 4 0
549 0 3
466 0 1
271 1 4
600 3 1
293 4 3
435 2 0
288 2 3
541 0 4
254 3 3
212 1 4
213 3 3
602 0 3
124 1 2
185 3 3
383 3 2
512 3 1
657 1 4
655 4 3
638 2 4
238 2 1
31 0 0
199 0 4
393 2 1
631 1 4
655 2 2
289 3 4
83 1 0
311 2 0
653 2 1
409 3 4
117 0 0
584 2 4
278 4 4
277 0 2
467 1 3
60 2 2
248 2 2
114 4 1
60 3 0
93 0 2
616 3 0
23 2 0
387 1 1
147 4 4
227 1 1
104 4 1
531 1 1
292 4 3
261 4 2
196 4 3
431 2 1
285 0 2
593 4 4
221 1 0
701 1 1
230 1 1
87 4 4
532 4 4
93 1 3
211 4 0
459 0 1
562 2 1
354 3 4
719 3 0
250 4 2
148 3 3
583 3 2
543 4 0
544 1 4
356 4 2
447 3 3
419 2 1
471 3 0
632 4 2
496 1 0
329 3 3
505 4 1
13 3 0
599 3 3
560 3 1
295 4 4
280 3 1
241 2 4
460 3 0
697 4 1
201 3 1
85 4 3
397 2 4
513 2 3
295 2 1
93 1 1
247 3 0
262 4 1
23 3 1
247 2 2
42 1 3
490 0 3
506 2 1
504 4 0
268 2 2
687 1 4
268 3 3
651 1 2
321 1 0
219 0 3
173 3 1
120 3 3
419 4 1
395 3 0
479 3 0
144 3 4
222 3 3
603 4 4
585 3 3
4 3 4
720 0 2
95 4 0
684 1 4
554 3 2
288 4 4
514 1 0
715 1 1
588 0 4
41 0 3
68 4 4
22 1 1
195 0 3
703 3 1
534 2 2
155 2 1
186 1 4
707 4 1
622 1 0
421 2 1
10 1 1
703 0 3
693 3 2
328 4 0
451 4 2
460 1 4
282 3 3
421 2 3
241 3 1
174 1 4
74 3 4
47 0 2
136 4 3
231 2 3
13 2 2
554 3 1
560 3 3
391 0 4
150 1 2
447 1 3
106 0 3
310 4 2
655 3 0
476 1 1
661 0 2
362 2 0
154 4 0
88 4 0
599 4 1
595 2 3
333 3 2
556 1 2
50 2 2
632 1 1
679 1 4
457 2 0
76 2 0
317 3 1
267 1 0
539 3 1
541 0 2
354 4 1
471 0 3
719 4 4
574 2 2
38 1 3
491 2 3
373 2 3
703 0 0
537 4 2
542 0 1
2 2 0
80 4 4
711 2 3
662 3 4
459 3 4
696 3 0
521 4 1
368 3 2
21 4 2
365 3 3
214 4 0
185 1 1
39 1 2
32 4 4
43 4 3
443 4 4
224 4 3
648 3 1
681 1 3
546 1 4
524 3 0
444 3 0
171 3 4
153 3 2
280 1 4
241 3 0
227 4 1
472 1 0
315 4 1
183 2 4
73 4 4
677 3 4
153 3 1
80 1 3
531 3 3
386 0 1
597 2 4
376 2 3
705 0 3
71 1 2
639 3 2
32 4 3
414 2 2
479 0 2
409 1 4
43 0 3
107 0 1
154 4 2
199 3 3
35 3 4
37 4 4
530 0 4
182 1 2
702 3 1
133 4 4
309 1 2
35 4 4
720 3 2
592 3 4
500 0 1
218 3 4
91 2 2
682 3 3
613 2 3
590 4 3
68 0 0
177 4 3
507 3 1
319 0 4
122 0 1
379 3 4
243 3 2
622 0 2
665 4 2
41 2 4
596 2 3
194 1 2
519 4 1
233 2 1
314 2 1
307 3 1
123 2 1
349 4 3
351 3 2
129 2 1
243 3 1
116 2 4
202 4 2
349 2 1
91 0 1
631 3 2
722 1 2
586 3 2
692 3 3
672 3 2
440 1 2
399 0 2
37 3 2
223 1 1
523 4 0
585 2 0
212 3 1
612 0 1
401 4 4
162 3 1
668 3 3
693 4 3
15 0 3
497 2 0
35 3 2
76 4 0
579 0 2
249 0 4
622 1 1
318 3 0
134 2 3
25 0 2
517 4 2
256 0 3
319 3 2
69 2 0
36 1 1
137 2 3
500 4 2
111 0 0
285 2 0
31 1 3
106 1 4
408 2 0
102 4 2
241 2 2
9 1 1
699 1 4
29 0 1
56 3 4
716 4 1
650 2 1
227 2 2
691 0 0
225 1 1
520 2 3
20 3 0
404 3 3
530 1 3
723 3 2
149 0 4
353 2 2
289 1 2
132 4 0
513 3 1
668 4 4
620 3 3
523 4 1
39 2 2
646 4 1
652 1 2
706 1 3
290 3 1
321 0 2
391 3 3
661 0 1
505 0 1
485 2 4
15 4 3
454 4 0
250 3 3
638 3 0
681 3 4
519 1 4
695 2 2
560 0 1
639 0 2
115 1 2
81 4 3
299 1 1
91 4 2
262 2 4
128 1 2
291 1 1
664 3 2
633 3 4
7 4 0
80 0 3
507 4 2
212 4 4
436 2 2
492 3 2
669 2 0
504 1 4
301 0 4
40 2 3
707 2 0
546 3 2
383 1 2
442 0 1
194 0 4
187 2 2
493 4 0
149 1 3
291 0 3
483 3 1
1 1 4
264 2 0
604 0 3
245 3 4
605 0 2
617 0 1
172 3 2
107 2 4
242 3 0
676 0 3
363 2 2
101 0 2
551 1 3
340 4 0
88 4 2
253 3 4
84 0 0
215 4 3
560 3 0
77 4 4
244 0 4
658 1 1
525 1 0
400 0 3
372 1 0
213 2 4
536 1 3
149 4 0
308 2 4
2 4 4
579 1 3
106 3 4
439 4 2
66 2 2
140 4 2
294 1 3
369 2 3
202 2 4
279 4 2
706 0 2
409 1 0
284 2 3
263 0 3
309 4 2
2 0 2
545 3 2
643 1 2
646 1 4
104 1 4
575 0 4
50 2 1
434 4 3
577 3 2
331 2 0
271 1 3
390 2 0
712 3 1
387 3 1
317 2 2
271 2 3
451 2 3
648 2 1
649 4 2
72 4 3
300 1 2
405 3 3
129 1 1
485 1 0
696 1 2
227 2 3
329 3 1
121 0 4
403 1 4
137 4 2
337 3 3
561 3 3
592 0 3
285 0 0
356 1 3
244 3 0
51 0 1
366 4 3
160 3 2
312 4 4
382 4 3
426 1 2
385 1 3
677 1 0
532 2 3
156 4 0
330 2 1
442 4 4
36 3 3
549 0 2
532 0 4
178 0 1
472 2 4
B 31 244 1 256 4
B 288 153 1 38 3
B 275 687 0 601 4
B 110 138 3 350 3
B 304 122 3 241 3
B 598 352 1 507 3
B 86 338 0 557 2
B 189 274 0 569 3
B 439 189 1 505 4
B 589 678 2 188 0
B 31 682 1 444 0
B 648 545 0 153 4
B 88 606 2 123 0
B 334 465 1 62 3
B 97 717 2 575 4
B 46 265 4 181 2
B 597 550 4 668 3
B 41 39 3 94 2
B 303 387 0 528 2
B 607 324 1 496 1
B 538 370 3 596 1
B 437 159 0 10 1
B 277 149 3 10 4
C 146 2 4
C 431 3 0
C 34 1 2
B 650 657 4 200 3
B 120 33 1 488 3
B 89 193 2 434 1
C 546 4 3
B 610 236 0 673 1
B 557 533 3 594 2
B 189 657 4 58 3
B 424 535 0 435 0
B 488 501 1 340 0
B 541 495 4 339 4
B 201 709 4 475 1
B 305 198 2 224 3
B 435 585 1 83 0
B 438 527 3 616 1
B 502 238 2 553 1
B 568 717 1 98 4
B 498 688 1 145 0
C 14 3 3
C 72 2 4
B 309 248 0 605 2
B 533 503 0 506 1
B 266 399 2 519 4
B 611 699 1 659 3
B 715 203 2 302 3
B 659 341 4 630 2
B 581 131 0 484 3
B 99 134 0 589 4
B 375 63 2 310 1
B 41 219 4 426 2
B 723 698 2 409 2
B 456 124 3 538 2
B 246 283 1 383 1
B 13 571 0 347 2
B 135 337 0 157 3
B 204 316 3 59 0
B 81 105 2 61 1
B 63 591 1 252 1
B 101 513 3 371 3
B 556 229 0 268 2
B 531 575 1 602 2
B 355 414 1 110 1
B 103 175 4 92 4
C 147 0 1
B 325 0 2 284 2
B 193 404 2 324 4
B 147 88 3 174 4
B 358 281 2 242 0
B 496 172 3 397 3
B 443 537 2 96 3
B 211 413 3 307 4
B 295 518 0 454 2
B 560 380 0 156 0
B 208 457 4 641 4
C 610 4 3
B 535 287 0 103 1
B 643 664 1 345 3
B 46 369 3 661 4
B 72 104 0 304 3
C 58 4 0
B 78 534 1 453 3
B 51 709 1 595 0
C 102 0 2
C 683 2 4
B 641 133 3 378 4
B 157 527 4 423 1
B 375 430 2 242 0
C 237 3 1
B 393 473 4 483 2
B 214 60 3 358 4
B 569 61 0 448 0
B 716 717 2 290 4
B 323 148 0 216 1
B 347 657 2 38 4
B 547 611 0 472 3
B 524 5 1 348 0
B 596 358 2 140 2
B 407 484 3 49 3
B 184 89 0 189 3
B 458 319 2 563 2
B 26 523 1 447 0
B 408 36 3 117 1
B 23 242 2 40 3
B 437 225 0 179 4
B 97 645 4 604 4
B 114 664 4 544 3
B 54 424 1 719 3
B 679 237 0 4 2
B 402 600 0 545 1
B 585 135 2 512 1
B 345 65 1 495 0
C 391 3 0
C 281 3 2
B 347 722 1 658 2
B 294 62 3 269 1
B 278 671 1 616 2
B 644 662 2 159 1
B 296 288 3 352 4
B 560 184 2 196 2
B 564 656 3 383 1
B 357 454 3 3 3
C 571 4 1
B 427 667 3 379 1
B 481 75 3 672 4
B 620 350 3 206 4
B 672 627 1 78 0
B 587 698 2 105 4
B 67 428 4 207 2
B 114 505 0 583 3
B 223 523 0 113 4
B 626 626 4 455 4
C 570 3 3
C 466 4 3
B 189 567 2 98 4
B 255 529 1 184 4
B 622 253 0 348 0
B 639 76 3 243 2
C 367 0 4
B 55 230 0 660 1
B 361 569 0 672 4
B 710 78 4 552 1
C 121 2 2
B 389 464 3 567 1
C 220 3 3
B 578 276 1 304 1
B 341 192 1 612 3
B 453 565 0 612 0
B 230 655 1 634 3
B 61 685 1 711 4
B 296 656 4 261 3
B 410 329 0 456 1
C 292 1 0
B 98 85 4 699 2
B 646 620 4 340 1
B 538 237 4 497 2
B 10 297 0 5 0
B 421 124 2 235 3
B 414 666 0 359 1
B 522 503 1 508 1
C 434 4 4
B 678 62 4 11 1
B 18 438 1 328 2
B 118 693 1 423 4
B 569 575 3 580 3
C 618 0 3
B 480 647 3 584 4
B 263 433 2 550 2
B 712 168 1 177 4
C 194 0 1
B 636 296 4 452 2
B 4 455 3 253 2
B 78 84 4 649 1
B 130 680 1 658 4
B 693 306 0 467 4
B 240 292 3 393 3
B 722 173 1 346 2
B 592 676 1 291 1
B 715 485 3 113 4
B 320 14 3 450 3
B 468 389 1 114 2
B 667 595 4 599 3
C 296 0 1
B 722 6 1 571 4
C 64 0 4
B 343 56 1 218 2
B 321 529 1 188 4
B 654 696 0 228 2
B 318 63 3 444 0
B 720 327 1 477 3
B 152 117 2 482 2
B 322 685 2 265 3
B 414 544 3 376 3
B 440 41 0 71 0
B 39 485 1 340 2
C 125 4 1
C 711 2 4
B 528 289 2 426 2
B 272 98 1 539 1
B 335 212 2 527 2
B 457 543 0 211 0
B 70 686 0 355 4
C 447 4 0
B 533 421 1 356 4
B 393 308 2 194 0
B 214 257 2 722 3
B 387 400 2 76 2
B 698 495 3 78 0
B 274 48 0 211 3
B 496 38 3 265 4
C 428 1 4
B 343 395 4 366 2
B 638 179 2 206 3
C 649 4 2
B 191 536 0 286 4
C 554 2 0
B 561 621 2 519 3
B 383 157 1 565 2
B 306 721 0 272 4
B 662 385 4 536 3
B 454 403 1 659 2
B 86 121 4 526 4
B 220 609 4 641 0
B 66 100 2 21 0
B 691 532 0 220 0
B 34 286 3 236 2
B 597 211 3 119 3
B 350 48 1 445 4
B 386 681 3 162 0
B 134 612 0 489 3
B 476 229 3 530 1
B 332 593 2 633 3
B 666 390 4 152 2
B 561 636 2 153 3
B 462 69 2 358 2
B 372 642 1 538 1
B 259 706 0 99 1
C 293 3 3
B 6 393 2 552 3
B 427 12 3 495 1
B 477 611 0 70 2
B 232 211 0 723 2
B 553 73 0 458 0
B 185 711 4 512 2
B 243 197 2 268 0
B 49 514 4 524 1
B 241 416 3 494 0
B 553 711 2 449 4
B 397 27 2 72 2
B 0 275 1 469 0
B 487 379 2 175 0
B 188 541 0 488 0
B 420 310 3 582 1
B 530 271 2 617 0
C 112 2 1
B 404 435 3 537 1
B 661 672 3 221 1
B 583 8 4 532 1
B 499 582 1 452 0
B 279 312 0 133 2
B 723 420 2 177 0
B 142 533 4 657 4
B 535 257 3 239 1
B 613 530 1 578 0
C 283 1 2
B 133 433 1 450 1
B 438 544 1 88 1
C 607 4 4
B 588 413 2 529 0
B 191 97 1 25 3
B 371 188 3 402 3
B 712 659 3 15 2
B 539 210 0 469 4
B 469 708 1 272 2
B 284 299 4 429 3
B 417 2 4 628 4
B 114 632 4 410 1
B 217 494 4 498 3
B 604 126 4 338 4
B 106 627 1 320 0
B 197 376 1 329 4
B 109 429 4 456 2
B 57 602 2 305 1
B 404 166 0 721 1
B 671 500 3 150 3
B 492 614 2 26 4
B 578 375 3 717 0
B 126 301 0 226 4
B 3 111 2 723 4
B 297 532 2 653 2
B 275 578 2 592 4
B 72 279 0 203 1
B 553 133 4 418 2
B 681 562 4 84 0
B 491 275 4 240 2
C 30 2 4
B 616 333 2 20 0
B 404 530 3 187 2
B 438 720 4 455 4
B 520 377 4 115 3
B 222 599 2 329 3
B 87 657 2 330 3
C 291 0 1
B 177 504 3 178 3
B 416 321 2 222 3
B 697 140 4 171 0
B 12 556 1 103 0
B 194 449 1 81 1
B 536 149 3 622 3
B 434 20 1 243 1
B 253 351 4 679 2
C 450 1 2
B 33 552 0 626 2
B 310 649 1 687 3
B 653 574 0 671 0
B 61 332 1 352 4
B 501 399 0 490 3
B 14 15 2 355 1
B 381 419 2 322 1
C 120 1 0
B 588 257 1 673 3
B 491 84 3 496 0
B 251 143 1 179 3
B 349 23 4 502 4
B 11 504 0 346 0
B 593 719 3 499 2
B 152 637 0 300 4
B 285 168 3 91 0
B 394 193 1 449 2
B 438 209 3 688 2
C 518 0 1
B 322 116 0 378 1
B 701 560 0 210 0
C 643 4 1
B 654 538 0 337 1
B 72 643 1 425 4
B 649 213 4 599 1
B 558 212 2 502 4
B 562 670 4 24 2
B 343 513 2 66 0
B 364 354 1 68 4
B 431 83 2 495 1
B 600 505 0 123 3
B 289 105 3 150 4
B 374 226 2 97 4
B 235 276 1 185 4
B 295 12 3 414 4
B 665 271 2 172 2
B 521 441 3 152 2
B 138 650 2 115 3
B 472 694 0 248 4
B 404 568 2 692 1
B 674 700 2 456 0
B 576 272 1 142 3
C 522 2 1
B 33 424 0 79 1
B 678 619 2 490 3
B 88 335 2 360 2
B 187 529 4 171 1
B 529 656 2 120 2
B 221 7 2 348 3
B 392 435 4 634 2
B 290 8 3 519 2
B 366 396 4 704 4
C 249 4 1
B 687 699 1 218 4
B 228 330 3 691 3
B 9 706 3 598 0
B 277 269 0 575 1
B 309 502 0 691 3
B 589 591 4 631 4
B 168 347 3 420 1
B 658 527 3 105 4
B 621 622 3 148 3
B 653 332 2 16 0
B 602 282 0 30 4
B 619 5 4 146 1
B 673 122 0 501 2
C 356 3 3
B 577 242 2 492 1
B 178 299 0 169 4
B 435 294 0 379 4
C 363 3 3
B 555 357 0 206 2
B 721 305 2 5 2
B 208 6 4 190 1
B 102 109 3 56 4
B 267 3 0 645 3
C 88 1 2
B 28 517 2 488 4
B 352 715 4 434 2
B 626 264 1 45 0
B 440 6 1 396 4
C 639 0 4
B 611 329 4 443 2
B 254 690 3 273 2
B 660 101 1 120 2
B 511 309 2 572 2
B 640 626 1 32 4
B 116 435 4 700 1
B 497 358 0 136 0
B 60 513 2 108 2
B 512 540 2 575 0
B 246 21 3 388 2
B 500 674 0 607 0
B 628 318 1 118 2
B 463 79 2 560 0
B 24 265 0 496 0
B 235 430 4 155 0
B 404 269 3 54 4
B 210 281 2 260 1
B 681 321 3 709 4
B 69 645 3 169 4
B 107 586 0 708 0
B 478 441 0 255 1
C 248 1 3
B 336 301 1 167 4
B 648 160 1 170 3
B 177 520 0 475 4
B 489 109 3 405 1
B 154 475 1 108 0
B 342 670 2 521 1
B 428 239 1 160 2
B 210 575 1 158 2
B 312 492 4 61 4
B 421 562 2 555 4
C 317 0 4
B 54 476 1 168 3
B 721 249 4 406 3
B 421 654 0 696 2
B 406 301 0 220 0
B 563 134 2 83 2
B 648 217 4 103 3
C 519 4 4
B 108 567 0 154 3
B 528 96 0 615 4
B 647 242 2 366 2
B 183 77 3 663 4
B 544 566 4 202 3
B 217 187 2 623 3
B 78 90 3 407 0
C 305 4 4
B 351 617 0 554 4
B 639 499 0 425 3
B 89 646 3 643 0
B 489 49 1 149 1
B 721 158 0 188 2
B 534 244 2 247 2
B 360 588 3 484 0
B 342 206 1 285 0
C 674 0 4
B 609 102 0 11 4
B 454 17 2 705 0
B 530 50 0 302 2
B 640 673 1 251 3
B 546 156 1 33 0
B 586 345 2 185 0
B 621 384 4 694 2
B 249 516 4 76 4
C 238 3 2
B 2 196 2 259 2
B 717 371 1 422 4
B 387 196 0 262 3
C 467 4 2
B 588 58 1 641 2
B 602 49 3 474 4
B 82 331 0 354 0
B 421 114 1 6 0
B 539 218 0 20 2
B 348 512 3 216 3
B 389 613 1 638 0
B 209 67 1 526 1
B 47 253 0 406 4
B 34 192 2 479 1
C 221 2 0
C 622 3 4
B 651 117 2 91 0
B 181 476 2 362 3
B 371 267 4 306 2
B 225 113 4 629 1
B 523 469 1 566 4
B 173 567 1 65 1
B 680 488 0 148 1
B 68 582 2 324 3
B 668 530 4 688 0
B 414 591 0 442 3
B 359 473 2 561 2
B 41 491 3 161 2
B 215 157 1 2 1
B 272 593 4 301 4
B 274 412 2 530 1
B 480 188 1 328 0
B 158 213 2 612 3
B 451 480 3 102 2
B 61 536 4 196 4
B 445 242 0 485 1
B 459 96 3 99 0
B 626 294 3 418 0
B 376 570 0 571 0
B 557 70 1 79 4
B 44 396 2 362 4
B 526 155 1 368 0
C 48 3 1
B 509 240 0 53 1
C 713 2 3
B 107 544 3 168 2
B 34 438 2 482 4
B 649 498 3 553 4
B 615 299 3 337 1
B 250 15 4 70 0
C 556 3 3
B 472 691 0 591 0
C 288 1 0
B 378 510 4 39 3
B 232 283 0 171 2
C 101 1 1
B 266 492 3 181 2
B 501 526 1 139 1
B 474 164 2 373 0
B 380 701 4 288 3
B 158 28 3 224 3
B 707 270 2 150 3
B 578 302 2 591 2
B 505 327 1 717 0
B 92 652 2 433 4
B 263 171 3 271 1
B 558 106 2 129 2
C 279 1 4
B 522 624 3 9 4
B 348 605 0 92 1
B 109 653 2 261 2
B 22 117 0 715 0
B 125 498 3 595 3
B 334 222 3 649 2
B 260 706 1 314 3
B 182 694 4 714 1
C 515 2 3
B 711 20 4 261 1
B 602 576 0 35 0
B 213 96 2 482 2
B 634 416 2 162 4
B 482 299 4 302 3
B 687 699 4 350 2
B 706 210 0 521 3
C 104 2 2
B 477 607 0 486 0
B 583 478 4 576 2
B 435 513 1 457 2
B 253 77 3 589 0
B 11 111 4 667 3
B 375 94 1 18 1
B 77 314 2 677 4
B 354 507 1 593 1
B 333 268 3 668 2
B 279 115 0 402 1
B 376 104 2 224 4
C 407 4 1
B 385 165 1 220 3
C 304 4 3
B 211 231 4 72 1
B 326 82 2 639 1
B 473 583 0 623 2
B 273 558 3 330 2
B 13 163 3 155 4
B 18 612 4 362 1
B 339 263 1 291 1
B 678 219 2 405 2
B 664 580 0 356 3
C 173 0 2
B 179 236 4 407 4
B 377 66 4 528 4
B 119 448 1 133 2
B 38 694 0 554 2
B 105 434 2 196 3
B 96 31 0 495 2
B 193 244 1 589 1
B 451 221 0 430 0
B 168 326 1 224 4
B 661 707 1 187 3
B 654 128 1 197 3
B 171 521 4 637 4
B 640 6 3 514 3
B 244 546 0 129 3
C 504 3 2
B 43 667 4 129 3
B 436 48 4 553 1
B 27 366 4 190 0
B 589 292 0 64 0
B 403 480 2 429 2
B 462 625 1 625 1
B 102 489 4 291 3
B 303 173 4 517 2
B 535 167 2 485 4
B 324 339 2 257 2
B 42 378 1 698 4
C 612 3 1
B 161 213 0 614 1
B 480 536 3 34 3
B 479 480 2 366 4
C 302 3 1
B 506 246 2 524 0
B 104 671 0 653 3
B 637 505 4 7 4
B 188 1 1 253 1
B 110 708 4 339 2
B 229 597 3 677 3
B 146 108 4 398 2
B 116 598 1 502 3
B 443 90 1 542 1
B 205 103 1 409 0
B 711 523 4 216 2
B 246 563 1 246 2
B 313 327 2 52 0
C 158 0 2
B 288 634 3 55 0
C 536 4 3
B 717 585 0 694 1
C 282 1 0
B 349 110 2 558 2
B 246 719 2 412 3
B 547 96 1 34 3
B 535 147 2 581 1
B 3 702 2 133 1
C 360 2 3
B 256 145 2 435 1
B 13 356 4 259 4
B 306 224 4 405 1
C 39 4 3
B 388 101 0 82 4
B 476 644 2 109 1
B 547 660 4 658 1
B 179 208 4 44 3
B 588 481 1 490 0
B 304 666 1 678 0
B 471 715 1 263 0
B 442 474 3 499 3
B 488 64 2 557 1
B 145 689 1 523 3
B 195 278 2 160 0
B 638 135 2 463 1
C 133 0 1
B 558 4 2 380 0
B 135 91 3 669 3
B 168 453 3 131 0
B 628 457 4 686 3
B 11 577 3 3 2
B 533 485 0 443 2
B 71 142 0 669 3
B 515 647 1 565 1
B 92 353 3 508 4
B 83 75 1 444 3
B 602 591 3 152 1
B 690 525 0 620 3
B 675 495 1 349 3
B 599 292 0 704 2
B 22 220 0 603 2
B 676 64 0 470 0
B 185 99 3 440 1
B 576 39 0 521 2
B 602 536 4 671 2
B 34 535 0 573 2
B 338 720 0 559 0
B 459 154 0 141 0
B 327 4 1 198 1
B 615 646 0 712 1
B 60 701 1 107 0
C 69 4 1
B 597 284 3 480 3
B 450 329 0 52 3
B 41 535 1 378 0
B 166 534 2 277 4
C 492 2 1
B 512 217 4 514 3
B 345 515 0 260 4
B 539 462 0 402 1
B 409 639 4 317 4
B 511 233 4 723 3
B 145 407 4 705 1
C 498 4 0
B 297 171 4 130 0
B 45 332 1 103 1
B 255 427 3 225 0
B 719 527 4 340 0
B 37 71 2 376 2
B 262 579 3 695 2
B 583 278 2 263 2
B 622 492 0 52 2
B 33 569 3 590 0
B 303 68 3 360 0
C 305 4 4
B 276 419 4 442 4
B 537 289 1 169 1
B 3 582 4 534 3
B 168 428 2 263 1
B 325 658 2 181 1
B 161 157 1 87 4
B 309 575 1 51 2
B 514 99 3 487 4
C 187 4 4
B 716 205 0 600 4
B 287 112 2 80 3
B 279 339 2 446 3
B 668 651 3 304 3
B 86 14 4 490 2
B 510 13 4 298 2
B 2 408 3 313 3
B 706 370 0 528 0
B 277 138 3 27 1
B 309 159 3 95 3
B 408 307 1 417 0
B 66 147 1 575 2
B 337 68 1 471 4
B 351 442 2 478 1
B 88 20 1 159 3
B 265 595 1 279 1
B 72 660 3 235 0
B 76 581 3 537 2
B 587 445 0 671 0
B 681 179 4 403 3
B 386 636 0 39 4
B 605 616 0 417 1
B 581 25 1 219 2
B 196 360 3 165 2
B 677 45 0 227 2
B 719 469 2 414 0
B 189 609 4 136 4
B 450 357 3 54 2
B 238 373 3 274 3
C 647 1 4
B 170 433 3 519 0
B 15 711 3 640 4
B 145 715 2 222 1
B 131 39 4 510 3
B 615 104 1 539 2
B 53 348 2 678 3
C 112 3 4
B 93 19 3 447 4
B 329 650 1 8 1
B 10 580 3 585 0
B 508 685 4 277 2
B 108 568 1 4 1
B 520 682 4 583 4
B 721 71 3 613 0
B 644 116 1 204 1
B 390 80 1 436 4
B 382 571 1 64 3
B 571 487 4 289 4
B 595 641 0 36 1
B 169 57 3 345 0
B 9 115 2 176 0
B 77 324 0 373 2
C 116 1 0
B 309 108 3 604 0
B 630 253 1 432 0
B 106 72 1 248 4
B 652 320 0 551 2
B 617 217 1 9 0
B 89 461 3 39 4
B 655 708 3 107 4
B 247 65 1 146 4
B 586 491 1 364 1
B 482 103 3 342 0
B 413 269 0 662 0
B 91 90 4 503 1
B 72 589 0 147 1
C 71 1 2
C 669 4 3
B 293 574 1 146 2
B 381 149 3 62 2
B 586 617 3 133 4
B 558 100 1 565 3
B 93 602 2 125 3
B 616 639 0 167 0
B 368 580 1 190 4
B 720 513 3 596 1
B 583 482 2 220 4
B 648 654 3 56 0
B 592 574 4 92 2
C 722 0 4
B 223 294 2 196 4
B 643 341 4 356 0
B 602 443 0 83 1
B 614 0 0 211 0
B 110 65 2 567 4
B 344 286 2 497 2
C 356 3 2
B 722 177 1 153 0
B 385 398 1 392 2
B 264 115 1 320 0
B 518 515 0 664 3
B 532 588 1 266 0
C 137 0 2
B 658 316 1 719 3
B 381 692 2 218 4
C 76 2 1
B 195 368 4 407 2
B 437 394 4 506 1
C 575 3 1
B 89 53 3 394 0
C 257 3 4
B 349 336 3 157 2
B 569 527 3 635 0
B 330 133 3 603 3
B 399 450 0 319 0
B 721 723 4 699 0
B 317 566 2 517 2
B 585 722 4 600 2
C 235 2 2
B 588 85 2 441 1
B 247 345 2 454 4
B 492 229 4 144 0
B 42 471 1 721 3
B 54 506 0 65 3
C 674 2 0
B 673 603 4 567 1
C 522 2 1
B 218 244 2 264 4
B 112 428 2 143 1
B 651 392 2 396 3
B 578 288 3 5 2
B 527 192 2 616 0
B 222 446 2 281 1
B 433 481 0 121 2
B 632 437 4 502 4
C 630 2 2
B 574 146 0 635 2
B 492 506 2 369 3
B 321 147 1 452 4
B 207 367 4 180 0
C 470 1 2
B 169 186 0 291 1
B 447 143 0 618 1
C 246 2 3
B 238 490 3 654 3
B 303 528 2 37 2
B 318 23 4 11 0
B 50 85 4 599 2
B 535 102 4 263 3
B 544 276 1 594 4
B 435 649 0 411 2
B 368 471 3 642 3
B 471 529 3 338 3
B 55 263 0 276 4
B 116 487 2 183 1
B 121 359 3 19 0
B 312 410 2 674 4
B 344 495 4 390 1
B 88 426 0 201 4
B 480 320 3 500 4
B 699 421 4 356 3
B 650 629 2 425 1
B 435 114 2 514 3
C 269 2 2
B 435 11 4 668 1
B 427 163 2 303 3
B 245 694 2 248 1
B 681 489 4 197 1
B 627 607 2 262 3
B 583 493 2 207 2
B 580 287 2 315 3
B 47 114 1 280 2
B 107 215 1 111 3
C 271 2 3
B 249 214 4 12 0
B 384 606 4 162 3
B 76 144 0 314 0
C 334 4 2
B 508 702 2 342 0
B 18 34 0 643 1
B 411 393 3 678 1
B 633 31 4 566 2
B 73 501 1 267 0
B 93 12 2 77 2
B 401 580 4 177 2
B 143 703 1 553 1
B 342 220 4 105 2
C 412 4 2
B 203 268 2 668 4
B 458 572 0 71 4
B 528 75 4 710 3
B 88 480 0 82 1
C 1 1 0
B 628 67 0 576 4
B 560 34 0 646 2
C 168 4 1
B 396 335 4 569 3
B 351 512 3 461 1
B 497 276 2 14 0
B 367 360 2 251 3
B 262 537 2 653 3
B 222 558 4 183 3
B 659 195 1 159 3
B 53 326 4 302 1
C 465 2 2
B 17 101 4 571 3
B 56 44 2 204 4
B 556 658 1 266 0
B 320 253 1 312 3
B 25 614 2 679 1
B 189 573 4 267 4
B 400 203 2 403 4
C 658 3 2
B 160 327 4 472 1
B 657 622 0 707 0
B 305 513 2 386 0
B 300 662 0 281 3
B 295 564 0 245 3
B 294 449 2 468 3
B 231 678 3 105 0
C 114 2 4
B 413 472 0 232 1
B 701 251 4 581 2
B 122 286 3 19 4
B 257 537 1 543 3
B 376 402 0 262 0
B 559 623 3 619 3
B 520 452 3 47 4
B 362 425 0 120 4
B 322 453 4 678 0
B 448 414 0 6 2
B 387 37 2 67 1
B 399 70 0 549 0
B 241 170 3 635 4
B 722 83 4 524 2
B 607 395 1 602 4
B 296 264 4 342 0
B 142 695 2 25 1
B 486 694 0 685 0
C 511 4 3
B 191 559 2 644 0
B 650 607 1 16 3
B 296 637 0 143 2
B 709 614 2 666 2
B 551 636 0 174 0
B 618 433 1 636 0
B 654 46 2 422 1
B 433 701 1 76 4
B 670 343 1 647 0
B 600 322 2 630 2
C 403 4 2
B 347 408 4 72 0
B 585 80 4 380 1
B 496 594 3 646 3
B 559 12 3 665 1
B 655 571 2 45 1
B 63 109 2 655 4
