802 4 1000 965
251 0 2
247 3 1
121 2 2
690 3 3
611 2 0
273 3 1
656 3 0
708 0 3
17 1 1
614 2 1
175 0 2
169 0 3
47 0 0
586 3 3
125 3 3
694 1 2
501 3 1
757 3 3
487 1 1
551 0 3
497 3 0
82 1 1
300 2 1
772 0 1
265 2 3
30 0 2
116 3 0
507 2 1
204 2 0
476 0 0
282 2 0
25 3 2
779 2 3
495 0 0
10 2 0
734 3 2
50 3 2
709 3 1
517 2 2
491 0 0
326 3 0
561 1 1
554 3 3
425 0 3
446 0 1
37 1 1
502 0 3
701 3 2
5 1 2
36 3 0
638 3 1
407 0 3
87 3 1
555 1 2
190 0 0
356 2 1
605 2 3
185 0 0
396 0 1
39 1 2
691 0 0
239 3 1
441 1 2
777 3 3
324 3 0
273 0 2
648 3 2
238 1 1
165 2 3
274 2 3
631 2 3
610 1 3
405 3 2
547 1 1
133 2 3
384 0 0
725 2 3
148 0 2
779 2 1
79 1 1
542 1 0
459 2 0
741 1 3
149 0 3
232 1 0
660 0 0
413 0 1
495 1 0
553 0 1
569 0 0
470 1 2
115 1 3
798 0 2
621 2 3
76 0 1
246 1 3
144 0 0
511 3 3
189 1 2
593 0 0
152 2 1
526 3 3
796 0 0
57 3 3
779 1 3
688 1 2
564 3 2
648 0 0
225 0 3
99 3 2
430 0 1
746 0 2
387 3 1
196 3 2
231 2 0
568 3 2
336 2 0
278 2 2
347 0 0
23 1 2
461 1 2
403 1 3
532 1 1
605 0 1
628 1 1
474 0 1
633 2 3
103 1 2
450 2 1
378 3 3
389 1 0
364 0 1
626 2 0
96 1 0
161 0 0
748 2 3
99 2 1
557 0 1
134 2 2
165 1 1
90 2 3
71 3 0
508 2 3
208 0 1
271 3 3
515 3 1
364 0 2
115 0 1
366 1 0
444 0 3
728 1 3
422 3 3
599 2 3
604 1 1
780 3 2
129 3 1
608 2 3
11 1 0
69 3 3
333 0 1
642 0 1
481 3 2
157 1 0
555 2 3
307 3 3
368 2 1
757 3 2
750 0 3
248 0 1
195 1 0
126 0 0
450 0 2
685 3 1
670 1 0
185 2 0
267 0 3
577 2 0
68 1 3
130 3 0
136 0 2
257 0 2
734 3 3
36 0 2
338 1 1
79 1 0
374 1 3
38 2 0
552 1 2
719 2 1
748 3 0
589 1 3
799 1 2
655 0 1
436 3 2
401 1 0
280 3 3
669 0 0
632 3 2
488 0 3
643 3 2
514 1 2
86 2 2
61 3 1
724 2 3
56 3 3
400 1 0
446 2 2
164 1 1
615 0 2
503 3 1
640 1 1
419 2 0
583 1 0
783 1 0
18 1 2
647 0 1
429 1 1
535 2 3
200 3 2
585 0 0
745 3 0
752 3 1
434 1 3
709 2 1
498 3 0
758 3 2
729 3 2
252 0 3
11 3 3
606 3 0
369 1 3
32 3 0
783 3 2
648 0 1
522 0 0
235 0 1
644 1 0
634 1 0
551 2 0
794 1 2
86 3 0
65 2 2
604 2 2
638 3 2
799 1 3
228 3 0
607 3 0
484 0 2
497 0 3
382 0 0
514 2 0
514 0 3
462 1 2
453 0 3
97 3 2
744 3 3
457 1 3
171 0 1
135 3 2
74 1 0
314 1 1
133 2 2
68 2 2
751 2 2
66 0 0
16 3 1
723 1 2
245 0 0
574 1 0
618 3 1
490 2 3
585 3 0
470 3 2
381 2 3
650 2 2
122 3 2
48 1 0
548 0 2
217 1 3
186 1 3
568 0 0
440 1 1
293 3 0
690 0 2
195 2 1
183 3 0
176 0 0
281 3 1
608 2 0
510 0 1
236 1 2
448 2 0
679 2 0
794 3 2
619 2 3
556 0 2
691 1 3
249 0 2
654 0 2
671 2 1
135 1 2
26 1 1
673 3 2
175 2 1
146 3 1
5 0 1
257 2 2
55 3 2
441 2 1
717 2 2
683 2 1
402 1 0
797 2 3
796 3 3
327 0 2
563 0 3
118 0 1
339 1 1
797 3 3
692 3 1
740 3 3
509 0 1
400 2 1
694 2 1
461 3 3
511 2 1
6 3 1
636 3 0
699 2 3
568 0 2
466 0 2
774 3 0
352 3 3
443 2 1
692 0 2
256 1 3
557 3 2
466 1 0
725 1 0
109 1 3
140 2 3
484 1 0
55 2 3
359 1 3
399 3 0
800 0 2
176 1 3
15 2 2
76 0 2
767 0 3
537 3 2
473 0 3
419 1 2
542 3 0
384 1 1
584 0 1
311 0 1
651 2 2
66 2 0
398 3 0
629 0 0
115 3 3
42 1 0
22 0 2
533 1 1
556 1 3
201 1 3
162 1 3
706 0 0
90 3 1
326 1 1
475 2 1
123 0 2
711 3 3
370 2 3
494 2 2
735 3 2
530 2 3
205 3 3
705 3 2
669 3 3
762 0 3
19 2 2
432 2 3
145 1 2
553 3 1
124 3 1
152 1 0
560 1 0
536 1 2
509 2 0
56 2 0
675 2 3
641 0 3
738 0 2
767 1 0
7 3 2
348 1 0
771 3 3
5 2 1
409 0 3
279 3 2
139 0 3
589 1 2
630 1 1
346 0 0
687 3 1
517 1 2
57 1 3
112 2 2
316 1 0
781 2 3
108 2 2
98 3 2
296 2 0
66 0 2
555 0 1
477 3 3
625 0 0
67 3 0
38 2 1
251 2 3
266 2 2
138 3 0
763 1 1
340 0 1
448 1 1
367 2 3
284 1 1
228 3 3
459 2 2
532 1 2
385 2 3
218 0 1
528 3 3
452 2 1
640 1 2
405 0 3
204 0 3
195 0 1
110 0 0
503 1 0
168 3 2
745 1 2
425 2 1
583 1 1
219 2 2
417 2 3
668 1 2
606 2 1
288 3 3
390 3 3
799 0 0
0 1 1
35 3 3
282 2 3
534 2 2
23 0 1
11 1 2
197 1 2
469 2 0
283 1 1
140 0 3
16 0 0
753 2 0
4 3 2
675 2 1
775 1 1
578 0 3
633 1 3
606 1 2
29 3 0
722 3 2
83 0 3
544 1 0
771 2 3
136 2 2
170 0 0
746 0 0
241 3 0
772 2 1
336 0 1
260 3 1
151 2 3
453 0 0
133 2 0
331 1 0
622 3 3
660 1 0
12 0 1
193 2 0
372 3 0
546 3 1
485 2 3
430 0 0
751 1 1
320 2 2
460 3 2
604 0 2
692 3 0
777 0 0
548 3 3
314 3 2
577 1 3
673 0 0
256 2 3
358 2 1
13 2 3
247 0 0
716 3 3
567 2 1
775 1 2
257 1 2
736 1 0
382 1 2
741 0 0
532 0 2
20 1 0
14 3 3
291 3 1
273 2 3
196 3 0
524 0 0
113 3 2
616 2 0
92 1 0
100 0 1
113 2 0
501 0 3
699 2 0
282 1 3
294 1 0
549 3 1
573 1 2
450 1 2
547 3 2
782 1 3
496 2 1
209 0 3
636 0 2
367 2 1
229 0 0
768 2 2
449 1 0
703 1 3
288 2 3
710 2 3
386 1 3
403 2 3
153 1 3
752 3 0
48 3 0
307 1 2
693 1 1
602 2 2
119 0 3
588 2 2
761 0 0
338 0 3
381 3 1
81 3 0
272 0 1
167 1 0
475 3 1
745 2 3
519 1 1
229 2 1
118 3 2
316 3 1
616 2 2
227 2 2
657 3 2
251 0 1
51 2 0
716 2 2
216 1 2
162 1 1
158 2 1
224 0 2
798 2 3
432 3 3
524 3 0
11 2 3
455 1 0
115 1 0
259 0 2
500 0 2
585 3 3
181 3 2
492 2 0
216 2 0
739 1 0
342 2 3
649 0 3
38 3 2
481 2 1
628 1 0
399 2 3
674 3 0
747 0 3
224 0 3
765 0 1
300 1 0
22 1 2
725 0 2
714 2 0
625 0 1
2 2 0
395 2 3
250 3 3
368 2 3
406 3 3
776 2 1
604 0 1
728 2 0
346 2 1
560 3 1
48 0 0
114 3 2
59 3 3
549 1 3
172 2 3
571 2 2
444 2 2
491 3 0
293 0 1
632 2 2
233 0 0
770 3 1
497 1 0
458 1 0
399 2 0
512 1 3
12 2 1
695 3 0
562 2 0
485 0 2
794 2 0
648 1 3
129 3 2
701 0 3
218 2 2
491 2 3
404 2 0
321 0 2
551 3 2
499 1 1
113 3 1
796 1 2
337 2 2
549 3 0
710 3 3
753 3 3
545 2 1
456 2 0
45 3 0
123 1 2
742 2 1
396 1 3
231 1 0
197 0 3
537 1 3
718 1 0
689 0 3
68 0 0
31 1 0
508 1 2
422 0 0
284 3 0
604 2 3
352 0 3
470 2 0
684 1 2
758 3 3
217 3 3
169 2 2
372 1 3
245 3 2
545 1 1
723 2 2
323 2 2
6 1 3
352 0 1
334 2 0
567 3 2
142 3 1
158 0 3
723 0 2
713 0 0
200 0 0
230 1 0
353 2 1
440 2 0
395 1 3
423 2 0
271 3 1
566 2 2
656 3 2
209 0 0
11 0 3
571 3 3
654 3 0
72 2 0
133 0 2
608 3 3
462 2 3
563 2 3
245 1 2
126 2 0
78 3 0
315 2 1
32 3 1
653 1 1
584 0 2
40 0 3
557 3 3
628 0 3
426 3 3
737 2 0
17 3 3
721 3 3
794 0 1
16 1 2
517 0 3
110 3 0
285 0 1
289 2 1
596 1 0
449 1 1
165 0 3
627 2 1
634 0 2
671 3 2
510 1 1
138 2 2
567 1 0
278 1 0
522 1 0
45 3 2
0 2 0
232 1 1
190 1 0
530 0 2
306 1 0
772 1 3
406 3 1
617 2 0
564 1 3
678 2 1
718 0 2
297 0 1
286 2 3
90 2 2
578 1 0
206 3 2
287 2 1
604 0 0
18 0 0
70 3 1
207 1 0
733 1 3
131 3 3
227 1 2
157 3 0
244 3 3
76 1 2
573 2 0
700 2 3
421 2 2
106 3 1
310 3 1
153 1 0
683 3 0
84 0 1
78 2 3
138 1 2
47 3 1
605 1 3
105 1 1
668 1 3
629 3 2
227 3 3
17 1 2
434 3 1
700 1 1
41 2 1
537 2 1
499 3 1
441 0 3
747 3 1
321 0 0
775 2 3
411 3 1
552 1 0
516 1 1
201 3 2
186 2 2
710 3 0
762 0 1
614 3 2
164 0 0
443 1 0
610 3 3
72 1 3
25 3 3
144 1 0
619 0 1
404 2 1
400 3 2
699 2 1
313 0 1
423 2 3
161 0 1
126 3 3
409 1 0
416 1 2
271 2 0
194 0 1
372 1 0
13 2 0
524 1 3
757 2 0
11 1 3
39 2 1
137 0 3
744 2 0
216 3 0
662 2 2
402 0 2
59 3 1
464 3 3
394 3 1
184 2 0
708 0 2
649 0 0
19 3 1
353 0 1
316 2 0
666 3 1
42 1 2
579 1 3
14 0 3
290 2 0
571 1 2
101 1 1
61 3 0
184 2 3
398 1 1
641 3 1
393 3 3
795 0 1
712 2 1
731 1 0
765 3 0
500 0 1
243 3 1
255 3 3
169 1 1
614 1 2
715 3 1
89 2 2
111 0 1
611 1 0
797 0 3
552 1 1
337 2 3
233 3 3
727 2 3
157 3 2
71 3 3
596 0 3
604 3 2
28 1 3
702 3 3
283 0 2
190 2 0
214 0 3
465 1 1
15 0 3
65 1 0
288 1 3
662 3 1
108 0 1
473 3 1
625 3 0
349 0 1
698 1 1
407 2 3
714 1 2
314 0 1
74 2 1
528 0 2
435 1 3
731 3 1
234 3 1
410 0 3
437 1 2
134 2 1
440 3 1
110 1 2
89 0 0
764 2 2
478 1 3
646 1 0
412 2 3
746 1 3
223 0 2
376 1 2
780 3 3
366 2 2
141 1 3
687 3 3
100 2 1
40 3 0
353 1 2
610 1 1
409 0 1
342 2 2
470 3 0
221 0 3
637 2 0
667 1 3
215 2 0
360 2 0
556 2 0
283 1 3
749 3 0
496 2 2
374 3 2
13 2 1
779 0 1
273 3 2
543 1 3
620 0 1
210 2 0
91 3 3
291 1 2
115 2 3
240 3 2
461 3 2
404 3 0
737 0 2
645 1 0
537 1 2
664 2 1
42 0 1
798 2 0
268 3 2
771 0 3
32 0 2
268 1 3
626 3 1
226 1 1
271 0 2
350 0 3
56 1 2
592 3 0
386 2 2
154 1 3
388 2 3
314 1 3
634 3 2
430 2 3
579 1 1
433 3 0
163 3 1
716 0 0
738 1 2
793 0 1
605 1 2
468 3 1
213 2 0
608 1 3
86 0 3
182 1 1
509 0 2
737 1 2
414 0 1
1 3 1
457 1 1
416 3 0
542 2 3
764 0 0
329 1 2
274 2 0
105 0 3
596 1 3
344 3 2
26 0 1
9 2 1
166 1 3
129 2 1
785 1 1
166 2 2
516 0 1
747 0 2
675 0 2
741 1 0
392 2 3
411 1 1
B 585 579 1 660 3
B 61 564 3 538 3
B 624 262 0 569 0
B 447 198 2 196 1
B 732 261 3 152 2
B 448 432 3 694 0
B 457 768 3 251 0
B 704 738 2 543 2
B 322 328 1 740 0
B 58 250 1 608 2
B 537 549 1 317 1
C 765 0 0
B 41 659 1 353 2
B 550 298 0 764 1
B 642 775 0 431 1
B 554 253 3 701 2
B 798 244 3 717 3
B 665 501 1 124 3
C 378 1 1
B 773 650 0 286 2
B 564 703 0 25 2
B 500 638 2 629 2
B 29 195 3 779 3
C 486 2 3
B 276 160 3 169 0
B 762 355 1 293 1
C 715 1 2
B 671 359 3 705 0
C 215 3 2
B 348 21 0 592 1
B 329 107 2 57 1
B 258 268 3 301 0
B 221 209 2 728 2
B 532 532 0 275 1
B 421 535 3 794 1
B 495 275 2 552 2
B 59 17 0 209 0
B 489 559 0 659 0
B 177 708 2 519 0
B 439 21 0 18 3
B 235 674 0 780 1
B 748 463 1 705 2
B 341 324 1 118 2
B 25 251 2 649 1
B 13 45 3 605 3
B 568 110 2 109 2
B 170 26 1 721 1
B 171 162 1 280 2
B 475 151 1 490 2
B 448 423 1 327 2
C 698 2 1
B 84 276 0 3 3
B 82 792 0 103 3
C 325 1 0
B 351 161 0 532 0
B 97 707 3 147 3
B 132 263 1 310 0
B 666 318 1 749 2
B 786 381 1 442 0
B 692 17 0 79 3
B 152 474 0 304 0
B 536 89 1 383 2
B 389 625 2 252 2
B 131 144 0 729 1
B 108 176 0 224 0
B 678 264 2 117 2
B 650 149 0 430 1
C 660 0 3
B 459 673 1 543 2
B 284 176 3 437 3
B 473 433 1 363 3
B 378 701 2 597 0
B 169 298 0 427 1
B 594 499 1 188 0
B 672 387 1 253 1
B 469 71 1 647 1
B 333 669 1 400 1
B 53 789 1 613 3
B 602 585 3 284 3
C 582 3 3
B 288 211 3 418 3
B 354 552 3 581 3
B 22 0 2 629 1
B 706 116 2 460 2
C 79 2 2
B 234 488 2 470 2
B 181 150 1 521 1
B 565 50 0 164 1
B 748 325 2 317 2
B 92 134 3 215 3
C 667 1 3
B 222 716 0 581 3
C 154 0 1
B 400 508 1 664 3
B 77 179 3 262 2
B 560 791 1 621 0
B 312 798 2 114 2
B 401 782 3 120 0
B 437 476 0 136 3
C 358 1 2
C 756 0 0
B 642 106 2 644 3
B 29 71 3 51 0
B 338 564 2 114 0
B 73 780 3 445 0
B 384 444 1 43 1
B 343 186 1 749 1
B 172 448 1 340 1
B 277 769 3 97 3
B 397 535 2 593 3
B 603 672 3 30 1
B 339 668 1 654 3
B 500 65 0 391 3
C 58 2 2
B 709 452 2 770 2
B 703 240 1 309 3
B 443 280 2 777 2
B 675 615 3 523 2
B 420 8 2 74 2
B 285 235 2 70 2
B 609 135 3 759 1
C 294 2 0
B 306 5 0 737 1
B 259 578 2 95 0
B 96 749 3 189 3
B 304 454 2 194 1
B 680 659 2 69 1
B 38 504 3 222 1
B 562 73 3 778 2
B 320 124 1 267 0
B 382 454 3 4 1
B 629 384 3 189 0
B 414 394 2 439 0
B 566 33 0 586 0
B 520 212 1 48 3
B 58 644 1 617 1
C 312 3 1
B 640 247 3 253 1
B 462 192 1 622 0
B 481 119 0 35 2
B 374 405 3 165 3
B 480 759 3 431 3
B 394 606 2 617 3
B 205 789 0 693 1
B 533 446 2 183 2
B 464 29 0 785 1
B 399 688 1 504 0
B 582 70 3 429 1
B 640 290 2 498 2
B 202 546 1 148 3
B 490 0 0 687 2
B 796 188 0 291 3
B 513 33 1 399 1
B 741 481 3 109 2
C 223 3 3
B 774 290 1 537 1
B 252 767 1 674 0
C 432 1 1
B 297 648 0 635 1
B 200 656 2 715 2
B 8 590 2 475 1
B 308 791 2 758 1
B 778 442 2 651 1
B 265 230 3 613 3
B 54 291 1 122 2
B 670 49 3 692 2
B 465 78 1 697 0
B 597 795 0 146 2
B 748 2 2 628 0
B 237 404 2 502 1
B 165 609 1 353 0
B 206 147 3 165 2
B 351 627 0 686 3
B 299 722 1 419 1
B 74 691 3 775 2
C 373 1 0
B 434 331 2 298 2
B 647 193 1 45 3
C 404 3 1
B 790 264 3 449 3
B 542 351 0 78 1
B 216 17 3 7 0
B 10 772 1 673 2
B 193 682 1 732 3
B 151 637 0 779 2
B 494 491 1 104 1
B 141 730 2 728 0
B 464 733 1 440 0
C 206 0 0
B 17 498 3 23 2
B 310 475 0 775 1
B 238 632 1 86 2
B 491 250 3 745 2
C 305 1 1
B 777 691 3 554 0
B 354 628 0 340 0
B 119 486 0 662 0
B 541 55 2 636 2
C 213 0 2
B 81 324 3 691 3
B 520 444 0 689 3
B 219 285 3 264 3
B 262 199 0 291 2
B 317 626 3 733 3
B 127 773 0 633 3
B 439 553 3 522 2
B 696 618 2 717 0
B 69 547 0 280 2
B 539 146 1 316 3
B 657 38 3 463 0
C 632 3 0
B 427 796 0 566 2
B 196 436 1 217 1
B 795 699 0 314 0
B 400 795 2 258 1
B 562 132 2 596 1
B 314 569 0 647 0
B 417 129 2 47 3
B 428 83 0 69 3
B 605 433 2 596 0
B 151 23 3 537 1
B 321 293 3 444 0
B 168 774 2 405 3
C 520 0 2
B 190 287 1 194 1
C 178 3 3
B 781 800 1 117 1
B 776 613 1 715 3
B 226 25 0 616 3
C 100 0 1
B 525 85 1 669 3
B 223 44 1 468 0
B 60 594 1 170 3
B 576 252 0 548 1
B 539 592 3 173 2
B 254 781 2 326 0
B 450 746 2 27 2
B 697 138 1 83 1
B 728 741 0 782 3
B 191 78 3 138 3
B 728 563 0 267 3
C 242 3 1
B 102 542 3 530 0
B 688 517 0 779 2
B 426 356 0 101 2
B 239 542 3 756 0
B 258 353 0 760 2
B 215 715 3 11 3
B 623 326 3 647 1
B 780 392 2 177 1
B 363 433 3 618 3
B 50 256 1 316 2
B 46 426 0 692 1
B 758 203 0 785 1
B 415 687 0 98 2
B 162 539 2 76 3
B 91 727 3 416 0
B 39 795 2 296 3
B 607 438 0 63 0
B 669 104 1 372 0
B 76 663 0 273 0
B 552 9 3 387 2
B 175 438 2 404 1
C 495 1 1
C 377 1 3
C 298 0 0
B 514 87 3 16 3
B 577 517 3 458 2
B 146 317 3 547 3
B 540 115 1 224 1
C 15 3 1
B 68 181 1 222 3
B 253 41 3 588 3
B 444 678 1 337 0
B 70 195 2 591 3
B 93 49 3 71 1
B 596 26 3 345 1
B 193 249 1 130 2
B 789 207 0 473 1
B 511 710 1 798 2
C 109 0 3
B 355 168 3 568 2
C 709 2 1
B 560 533 0 722 3
C 271 1 0
B 739 459 0 786 1
C 192 2 2
B 354 400 0 471 0
B 734 552 3 645 0
B 679 475 3 570 1
B 512 123 1 245 0
B 110 446 2 534 2
B 70 143 2 199 2
B 524 500 3 131 1
B 131 330 1 19 2
B 307 673 2 110 2
B 593 501 0 630 2
B 640 61 3 34 1
B 725 620 0 601 0
B 593 378 1 779 0
B 618 722 1 753 1
B 540 727 0 708 2
B 23 507 2 365 2
B 531 190 2 499 0
B 707 376 2 505 1
B 114 554 2 669 1
B 88 429 0 630 2
B 77 357 2 49 3
B 779 231 3 276 3
B 461 142 1 175 1
C 474 0 3
B 0 26 1 366 2
B 120 150 1 146 1
B 625 672 3 674 3
B 14 56 1 134 0
B 530 225 3 633 0
B 660 109 2 404 3
C 559 3 1
B 718 541 2 574 3
B 449 201 2 374 1
B 435 237 0 389 0
B 503 543 2 41 2
C 221 1 2
B 685 731 1 50 3
B 189 280 3 642 3
C 558 3 1
B 429 76 2 426 1
B 75 566 0 13 2
C 225 3 2
B 70 71 3 224 0
B 194 712 3 621 3
C 176 3 1
B 198 520 2 141 2
C 445 3 2
B 796 669 0 530 3
B 174 560 3 355 3
B 383 648 2 203 1
C 641 3 1
B 198 702 2 365 2
C 141 3 2
B 101 523 1 639 2
B 408 439 2 378 3
B 288 459 0 393 2
B 523 632 2 476 3
B 119 688 2 358 2
B 42 796 2 367 0
B 333 469 3 39 0
B 153 223 3 389 2
B 388 146 3 614 2
B 370 665 2 591 0
B 699 220 0 638 0
B 376 158 3 355 0
B 301 216 2 616 0
B 92 402 0 693 0
B 403 81 2 152 3
B 258 0 3 46 1
C 605 1 3
C 591 0 2
B 335 524 1 367 2
B 657 228 2 518 0
B 707 599 0 672 3
B 388 533 0 719 2
B 466 141 3 256 1
B 53 396 1 76 3
B 305 484 2 463 2
B 547 59 0 216 0
B 479 355 1 178 1
B 391 672 2 799 2
B 464 439 3 580 3
B 523 18 0 697 2
B 152 256 2 273 1
B 566 275 2 114 2
B 325 328 0 453 3
B 253 232 2 739 0
B 799 157 2 324 2
B 591 129 2 764 2
B 584 269 3 215 2
B 103 282 1 626 0
B 123 12 3 769 2
B 764 572 0 556 1
B 656 605 1 84 1
B 771 502 3 451 3
B 335 303 1 133 1
B 773 644 1 491 2
B 392 204 2 357 1
B 502 84 1 204 2
B 373 222 3 525 0
B 74 433 2 586 3
C 432 1 3
B 654 580 1 622 3
B 33 321 0 21 1
B 773 200 3 72 0
B 230 541 3 407 0
C 654 0 2
C 703 0 0
B 200 450 3 631 0
B 424 157 3 297 0
B 512 266 2 440 0
B 139 265 2 477 1
B 149 744 1 236 2
B 475 324 0 567 1
C 70 3 3
B 502 687 3 750 1
B 92 490 3 425 0
B 202 657 2 64 1
B 348 275 2 239 3
B 624 708 3 345 1
B 560 469 1 780 2
B 620 644 0 39 1
B 166 706 2 264 2
B 34 789 2 781 3
B 424 270 2 36 3
B 361 613 0 266 0
B 688 22 1 355 1
B 675 71 2 301 0
B 606 717 1 640 3
B 799 618 0 335 1
B 129 575 3 4 0
C 243 1 2
B 474 793 1 671 1
B 331 317 3 309 0
B 454 209 3 724 3
B 197 390 0 88 0
B 218 187 2 256 0
B 22 13 1 265 2
B 751 405 1 236 2
B 272 681 3 360 3
B 208 222 3 75 2
B 714 660 0 642 0
C 311 1 1
B 700 656 2 660 1
B 66 295 3 198 0
B 451 227 2 418 2
B 556 425 0 403 0
C 427 2 1
B 116 401 0 334 3
B 674 723 0 73 0
B 342 13 0 763 2
B 101 454 2 290 0
B 153 290 3 640 1
C 586 1 1
B 303 234 0 691 3
B 50 796 3 237 2
B 294 205 3 633 0
B 682 345 0 583 2
B 745 643 1 48 3
B 271 555 0 454 0
B 378 785 3 781 0
B 80 85 3 444 2
B 263 738 3 237 2
C 414 2 1
B 448 509 1 20 0
B 4 757 1 459 0
B 209 232 1 698 1
B 392 5 3 112 2
B 45 391 3 555 1
B 279 627 1 324 1
B 797 40 1 506 3
B 778 721 0 31 2
B 369 316 3 92 0
B 343 225 0 176 0
B 387 589 2 675 2
B 132 692 0 340 2
B 674 159 2 256 2
B 631 3 2 112 0
B 761 277 3 433 0
B 90 627 1 173 2
B 790 212 3 571 0
B 446 511 0 232 0
B 451 140 3 480 1
B 346 782 0 639 2
C 612 0 2
B 69 595 0 600 1
B 483 700 1 197 0
C 801 0 3
B 506 221 0 77 3
B 441 504 0 321 1
C 641 3 1
B 435 430 3 270 2
B 631 120 3 143 3
B 547 421 1 572 0
B 456 791 1 31 3
B 785 311 1 40 3
B 410 378 3 547 1
B 482 799 0 138 0
B 355 693 2 583 1
B 778 634 0 764 2
B 236 437 1 692 3
B 487 75 1 8 1
C 363 1 3
C 103 1 1
B 406 351 1 353 2
B 8 97 1 607 1
B 775 254 1 209 1
B 384 509 1 334 1
C 50 2 2
B 697 218 0 663 0
B 508 225 2 588 3
B 526 517 2 254 1
B 754 286 1 487 1
B 778 388 1 68 2
B 701 132 2 152 2
B 402 696 0 660 1
B 800 298 0 717 1
B 3 345 1 519 0
C 439 3 0
B 568 720 1 570 0
B 7 379 2 596 0
B 686 582 1 710 2
C 710 0 1
B 206 182 2 76 1
B 120 119 0 507 2
B 180 373 0 253 3
B 508 384 0 476 3
B 4 8 1 459 3
B 566 513 1 685 0
B 342 291 3 423 1
B 663 676 0 362 0
C 160 2 2
C 211 1 0
B 275 693 2 777 0
B 699 269 3 670 1
B 509 304 3 581 0
C 144 0 2
B 320 391 0 704 1
B 535 738 0 656 1
B 374 244 3 338 3
B 263 526 2 8 2
B 486 311 1 696 3
B 489 437 2 524 1
C 90 0 2
B 27 401 3 572 2
C 133 1 0
B 9 526 0 374 3
B 63 646 1 750 1
C 641 0 0
B 700 448 3 530 0
B 60 135 1 634 1
B 673 548 1 391 2
B 701 309 1 629 0
B 38 705 0 429 0
B 60 746 1 212 3
B 638 769 0 572 3
B 655 382 1 99 3
B 621 664 3 360 2
B 761 719 0 620 2
B 445 251 0 502 3
B 794 581 2 193 0
B 780 86 2 295 1
C 511 1 1
B 510 364 3 205 3
B 665 667 3 269 1
B 454 691 0 554 2
B 81 411 2 421 0
C 571 2 2
B 650 254 2 201 1
B 537 382 2 621 0
B 239 721 0 495 1
B 629 283 2 18 0
B 610 577 3 402 3
B 397 476 3 453 0
B 69 84 1 136 2
B 258 716 3 783 1
B 23 304 3 621 2
B 606 691 2 484 3
B 422 259 0 663 0
B 379 685 1 307 3
B 415 783 3 164 2
B 353 423 0 749 3
B 572 82 0 398 0
B 662 295 3 604 1
B 159 424 1 170 0
B 466 397 0 637 1
C 120 1 1
B 725 88 3 370 0
B 539 357 2 288 2
B 702 13 1 663 2
B 512 11 3 199 0
B 618 155 2 793 3
B 275 470 2 559 2
B 218 266 0 164 1
B 91 788 0 677 3
B 466 60 3 301 1
B 724 743 0 236 2
B 668 447 2 545 0
B 257 643 1 26 3
B 370 334 2 789 2
B 95 586 1 95 1
B 341 321 3 640 1
B 505 589 0 777 3
B 199 625 2 439 3
B 583 228 2 613 0
B 656 657 0 403 0
B 495 131 0 70 3
B 70 155 3 137 0
B 53 466 0 142 3
B 338 266 0 458 1
B 611 674 0 235 1
B 751 60 2 17 1
C 523 1 0
B 232 50 0 472 2
B 39 289 0 299 0
C 704 0 3
B 422 358 3 536 0
B 310 318 3 535 1
B 542 2 2 10 1
C 551 3 2
B 10 460 1 449 1
B 276 30 0 385 3
B 412 324 2 798 3
B 551 795 3 90 3
B 674 764 2 466 1
B 496 507 2 688 1
B 232 741 1 363 2
B 285 206 2 290 0
B 743 85 3 139 0
C 184 3 1
B 734 351 1 644 3
B 739 543 3 29 2
B 119 482 1 503 1
B 778 141 1 339 1
B 529 550 1 165 2
B 59 560 2 202 0
B 298 21 1 52 0
B 617 678 2 215 2
B 502 568 3 298 1
C 390 1 0
B 241 231 0 70 0
B 759 402 1 674 2
B 595 259 2 734 1
C 145 3 3
B 159 443 1 86 2
C 201 2 1
B 643 560 0 751 2
C 710 2 1
B 554 665 3 758 2
B 486 217 2 777 1
B 178 285 3 655 3
B 586 564 2 79 0
B 605 416 2 321 0
B 444 218 3 786 0
B 633 656 2 721 2
B 747 85 2 646 0
B 245 38 1 176 0
B 707 67 1 338 2
B 672 406 2 703 1
B 178 13 0 481 0
C 651 2 0
B 656 11 0 128 3
B 707 334 2 205 3
B 682 330 3 242 0
B 331 68 0 66 0
B 211 191 1 375 2
B 381 749 0 794 1
B 104 50 0 691 1
B 342 528 2 308 2
C 671 3 1
B 157 312 3 770 1
B 697 690 1 272 3
B 426 495 3 316 0
B 790 484 1 339 2
B 480 765 1 96 3
B 520 354 2 329 2
B 763 555 1 101 3
B 332 503 1 757 2
B 717 571 1 373 3
B 150 441 2 741 0
B 367 493 1 647 3
B 293 760 0 583 3
B 586 269 3 698 2
B 481 288 0 684 1
C 350 1 1
C 574 1 2
C 595 1 3
B 161 169 0 265 1
B 563 498 1 535 0
B 732 657 2 394 2
C 715 2 1
B 705 15 0 747 0
B 735 255 3 743 0
B 700 161 2 237 1
C 683 1 2
B 132 614 0 77 3
B 178 226 2 402 3
B 9 341 3 612 0
B 698 496 0 787 2
B 78 343 3 346 0
B 687 776 0 332 3
C 286 2 0
B 155 60 1 415 1
B 79 199 0 549 2
B 604 132 2 651 1
B 507 463 3 416 0
B 33 511 3 713 0
B 371 674 3 90 3
B 91 245 0 541 1
B 511 3 1 401 2
B 443 751 3 286 3
C 118 2 0
B 7 194 3 113 0
B 47 64 3 76 3
B 491 561 3 740 3
C 660 1 3
B 95 503 1 8 3
B 65 103 1 780 1
C 783 0 1
B 268 96 2 465 0
B 642 291 2 41 2
B 286 482 2 646 2
B 735 420 1 598 0
B 341 474 1 236 2
C 359 1 3
B 676 558 2 742 2
B 609 359 2 369 3
B 93 77 1 37 3
B 801 534 2 103 3
B 647 679 3 782 0
B 436 398 1 595 1
B 566 315 1 693 0
B 617 18 0 21 1
B 227 189 0 783 3
B 175 126 1 22 0
B 61 172 2 539 1
B 500 1 1 507 0
B 731 257 3 534 1
B 434 471 3 189 2
B 580 460 2 231 0
B 655 660 2 324 3
B 253 699 1 155 3
B 614 219 2 677 0
B 260 361 2 605 1
B 325 20 2 757 3
B 466 546 1 570 1
B 24 450 3 161 1
B 801 713 3 631 1
B 104 368 1 530 3
B 201 658 0 782 2
B 384 62 0 599 1
B 483 695 3 22 1
B 507 112 2 657 1
B 441 780 1 696 2
B 266 548 0 559 1
B 64 82 0 581 3
B 668 732 3 310 1
B 606 444 2 264 0
B 762 621 3 572 1
B 2 681 1 757 2
B 146 595 0 16 3
B 547 770 3 217 3
C 480 3 3
B 153 430 3 355 3
C 703 2 0
B 165 177 2 539 0
B 745 366 3 339 2
B 670 776 1 266 2
B 702 503 2 225 2
C 778 2 3
B 477 206 2 358 3
B 64 291 1 77 1
B 673 660 0 624 2
B 481 452 2 606 2
B 395 735 3 712 2
B 178 7 0 603 2
B 762 26 3 424 3
B 273 554 0 487 1
B 301 494 2 794 1
B 156 706 2 574 2
B 6 392 3 519 3
B 602 116 2 773 0
B 359 795 1 56 3
B 89 630 3 219 0
B 117 508 1 625 3
B 129 274 0 441 0
B 545 543 3 624 1
B 541 78 3 14 2
B 148 65 2 212 3
B 311 682 1 327 0
B 95 553 3 102 1
B 100 717 2 483 0
B 680 52 2 451 1
B 185 743 1 136 0
B 754 214 1 461 2
B 303 413 1 67 2
B 300 543 2 588 0
B 165 253 1 47 3
B 311 108 0 468 1
C 81 3 2
B 615 500 0 44 3
C 426 0 1
B 22 654 0 393 0
C 18 2 0
C 543 2 0
B 97 314 2 236 1
B 420 322 1 535 1
B 565 360 0 456 1
B 56 4 2 402 3
B 336 714 3 394 1
C 190 3 3
B 577 497 1 434 3
B 693 200 1 43 1
B 516 502 1 193 0
B 24 121 1 504 2
B 422 94 3 668 0
B 482 285 0 385 1
B 619 754 2 558 2
B 119 686 2 801 1
B 686 362 1 542 1
B 175 16 0 153 1
B 578 64 3 698 3
B 731 477 1 330 0
B 146 417 0 668 2
C 271 2 2
B 91 348 2 794 3
B 355 564 1 430 3
B 60 322 1 113 0
B 615 553 3 76 0
B 98 767 0 206 1
B 464 800 0 418 1
B 612 124 1 704 2
B 207 252 1 790 3
B 118 460 1 318 0
B 325 260 3 777 0
B 420 164 2 135 3
C 64 2 0
B 351 444 0 787 0
C 743 1 0
B 731 120 2 460 2
B 584 47 1 141 1
B 595 425 1 638 3
C 138 0 0
B 392 180 0 66 1
B 593 280 1 497 1
B 660 569 3 338 3
C 598 0 1
B 38 697 1 134 1
B 176 211 2 480 2
B 99 583 0 174 2
B 90 558 2 27 0
B 582 482 3 147 3
B 329 145 0 198 3
C 479 0 1
B 219 479 2 124 3
B 486 264 0 279 3
B 198 787 3 520 2
B 428 724 1 720 1
B 109 727 0 77 0
B 189 193 0 756 1
B 771 245 1 556 0
B 777 791 2 218 3
B 10 765 1 33 1
B 707 787 2 651 2
B 187 438 3 591 2
C 495 0 3
B 383 51 0 74 3
B 397 572 1 153 0
C 607 2 0
B 459 510 3 306 2
B 392 79 1 678 2
C 347 1 1
B 471 147 0 78 0
B 506 659 2 525 0
C 391 1 3
C 423 1 3
B 550 508 3 11 2
B 632 537 0 166 2
B 609 595 0 239 1
B 693 587 2 631 1
B 188 386 2 627 3
B 35 747 2 640 3
B 709 284 1 327 0
B 101 647 3 217 2
B 374 392 3 226 3
B 517 588 2 663 2
B 325 474 1 84 0
B 500 690 0 670 0
B 665 159 1 785 0
B 613 789 2 488 2
C 168 3 3
B 382 457 3 766 3
B 91 398 3 367 1
B 239 23 0 91 3
B 800 462 0 293 3
B 717 8 2 432 1
C 268 1 1
B 496 424 2 540 2
B 66 560 2 147 0
B 40 59 3 81 2
B 239 651 3 7 1
B 635 389 0 766 2
B 162 681 0 637 2
B 702 255 1 305 3
B 503 241 1 647 0
B 788 670 0 539 2
C 731 1 0
B 32 356 3 437 3
B 672 709 2 783 1
B 757 498 1 376 3
B 121 641 2 414 1
B 264 697 2 298 2
B 81 767 3 367 0
B 247 616 1 636 0
B 154 163 1 280 3
B 340 101 3 94 1
B 436 356 1 687 3
B 551 405 1 659 3
B 419 64 1 236 3
B 641 179 2 274 1
B 416 430 2 484 3
B 370 425 1 490 3
B 445 345 3 536 3
B 0 693 1 7 0
B 42 72 1 155 1
C 643 1 0
B 246 376 2 60 0
B 625 589 3 22 0
C 25 1 0
B 81 138 3 735 3
B 134 291 2 740 2
B 748 634 3 570 0
B 32 482 3 451 3
B 524 593 3 646 3
C 661 2 0
B 719 612 3 448 2
B 23 534 1 297 0
B 42 571 0 619 0
B 391 440 1 564 1
B 421 278 2 762 0
B 303 26 3 431 3
B 544 366 1 71 0
B 227 538 0 293 1
B 162 350 0 665 1
B 233 59 2 726 0
B 484 709 2 713 0
B 438 258 2 490 1
B 457 649 0 546 0
B 97 34 1 758 2
C 286 3 1
B 271 749 2 613 1
B 761 409 1 744 0
B 446 760 2 760 3
C 218 1 3
B 275 315 2 605 1
C 385 2 1
B 429 628 1 373 1
B 261 564 0 783 1
B 135 745 3 36 1
B 437 367 2 541 0
B 314 472 0 78 1
C 520 3 2
B 235 24 3 36 3
B 505 794 2 795 2
B 157 117 0 79 0
B 319 359 1 790 3
B 581 768 3 348 1
C 235 0 1
C 82 2 2
B 790 354 3 321 1
B 567 778 1 212 3
C 377 3 3
B 508 557 0 433 2
B 629 318 1 202 2
B 131 491 0 590 3
C 240 1 1
C 281 0 3
B 305 100 1 575 2
