926 5 1000 958
581 1 0
557 3 0
252 1 1
657 3 1
684 3 1
467 1 2
387 4 4
851 3 2
784 1 0
308 2 2
3 2 2
410 2 3
93 4 4
18 3 3
383 4 2
185 2 3
797 4 3
72 0 0
65 0 1
90 2 0
713 1 3
274 0 1
291 1 4
208 3 2
494 0 3
197 1 4
544 1 4
640 1 3
580 0 4
567 2 0
680 3 3
847 0 2
377 3 3
783 3 1
755 1 4
315 2 2
335 0 3
800 4 1
877 1 0
97 0 2
267 1 0
722 2 2
573 3 2
538 1 3
382 0 4
529 1 3
789 4 2
713 0 0
90 3 2
432 3 4
764 4 1
89 2 3
411 1 2
798 3 3
431 4 0
802 2 1
371 2 1
264 0 3
865 0 2
68 1 3
665 4 2
219 3 2
218 1 3
606 4 1
462 1 3
848 2 2
623 3 3
230 3 1
496 4 1
515 4 4
671 3 0
397 3 1
195 2 2
203 2 4
152 4 3
693 2 1
867 4 3
815 1 3
317 1 0
105 4 1
297 3 2
96 0 4
741 4 1
821 2 2
505 4 1
612 3 1
906 1 3
148 1 3
64 2 0
681 2 1
878 2 4
139 4 1
283 0 2
320 4 4
299 1 0
617 3 1
589 1 3
61 3 4
424 0 1
864 2 4
266 1 4
663 4 2
627 0 4
162 3 3
94 1 3
687 1 4
1 4 4
253 4 1
326 2 4
891 1 4
68 2 4
631 0 3
114 3 4
808 2 1
861 4 3
758 0 0
54 3 4
191 4 4
669 2 3
750 2 3
607 3 0
665 4 4
874 4 1
590 1 4
328 4 3
502 3 0
730 3 0
613 1 0
663 3 4
70 0 2
690 1 3
775 3 4
661 2 4
151 4 3
509 0 4
218 3 2
50 0 4
864 1 3
199 4 0
754 4 4
24 2 0
385 3 2
238 0 3
790 4 1
653 4 3
552 0 4
842 2 2
418 0 3
879 4 1
755 2 3
101 2 2
874 2 2
807 4 2
384 0 2
165 1 1
181 3 0
357 2 0
473 0 3
671 4 2
14 0 4
442 4 2
551 3 1
708 3 0
332 0 4
722 3 0
517 2 4
665 4 3
868 3 2
182 2 3
613 0 3
747 3 0
614 0 0
589 4 0
617 3 2
123 1 3
230 1 1
222 1 1
874 2 1
868 3 4
783 4 0
776 2 3
635 2 4
558 0 4
104 2 4
210 0 2
279 2 2
803 3 0
148 1 4
615 2 4
216 0 0
635 0 4
680 0 2
439 2 1
735 2 2
511 1 1
9 0 4
343 2 1
789 1 4
551 2 3
440 1 3
447 3 0
201 2 1
351 0 1
832 4 4
436 2 0
614 4 1
31 4 2
226 2 0
775 1 1
516 3 1
405 4 4
97 1 2
105 3 4
438 2 3
767 0 3
64 3 4
587 1 2
627 1 0
653 1 3
699 2 3
612 4 2
10 0 2
404 3 2
694 2 2
145 4 3
883 1 2
561 0 2
472 3 3
825 4 1
57 4 1
715 2 2
243 0 0
138 1 1
666 2 4
920 4 1
418 2 3
255 3 3
664 0 4
530 3 4
767 0 1
561 3 4
257 1 3
630 1 1
742 2 0
416 3 2
760 3 1
314 2 4
118 4 0
749 3 3
753 4 0
386 0 2
311 0 2
1 1 4
94 0 3
444 4 0
755 4 2
432 4 4
871 3 4
21 0 4
546 2 0
755 3 1
216 4 3
179 4 2
519 2 1
259 0 4
177 1 0
32 0 3
485 4 4
276 2 0
29 3 0
12 3 0
189 0 3
832 1 4
110 3 1
830 2 0
9 4 1
511 2 0
737 2 3
101 0 1
785 2 0
552 4 3
313 3 1
727 1 2
523 4 4
764 0 0
693 1 4
216 3 2
457 2 1
811 1 4
792 2 3
602 3 0
386 3 1
395 3 2
239 3 0
635 4 1
251 0 2
509 2 4
253 3 0
325 4 4
139 1 1
563 3 0
49 3 1
315 3 4
794 4 2
486 0 4
731 4 4
352 2 4
89 1 1
620 3 2
207 3 0
538 1 2
530 1 4
599 3 1
144 4 3
449 1 0
519 4 2
869 3 1
496 3 0
140 3 4
62 3 4
857 2 1
855 1 0
200 2 4
403 3 4
207 4 2
193 0 4
310 0 4
278 3 1
883 1 0
544 1 3
113 3 2
382 1 4
562 3 2
347 0 1
404 2 1
139 2 2
808 0 3
456 0 0
2 2 4
180 0 2
710 0 1
597 3 4
906 3 0
10 0 3
506 0 2
283 4 0
475 0 0
270 2 3
198 0 2
71 4 3
408 4 0
853 4 4
473 1 4
649 0 4
594 2 3
787 3 0
24 2 1
88 3 0
412 0 3
661 3 1
119 2 1
709 2 2
427 4 2
919 0 2
822 0 1
373 0 1
786 3 1
603 1 2
817 1 4
400 4 0
302 4 4
120 2 1
622 0 3
386 2 2
238 0 0
665 3 2
194 1 1
158 2 4
445 2 3
797 0 2
274 3 4
730 1 3
501 1 3
807 3 4
890 2 1
862 0 3
716 0 2
466 4 1
655 4 1
871 2 3
774 2 0
514 2 4
856 1 1
525 1 1
659 0 0
693 4 3
143 4 0
40 3 2
539 1 0
357 0 3
531 4 4
695 2 3
646 3 2
825 4 4
325 2 4
225 0 1
136 3 4
216 3 1
293 4 1
837 4 1
86 2 3
746 4 1
368 4 2
730 2 0
324 2 0
122 0 3
919 3 0
405 0 1
601 4 0
345 4 2
581 0 2
643 4 4
337 3 0
180 0 3
5 0 2
843 3 2
618 2 3
327 1 4
834 4 1
223 0 0
575 0 4
868 1 1
647 0 2
845 3 3
403 0 0
319 3 2
413 4 0
407 1 2
34 0 0
612 4 3
242 1 2
375 3 0
396 4 2
590 3 2
157 3 3
453 0 2
584 0 0
74 0 0
335 1 3
75 3 3
859 0 2
723 3 2
79 1 3
56 3 1
574 1 0
270 3 4
108 4 2
853 2 1
893 1 3
397 2 2
26 4 3
508 4 4
535 3 1
879 2 0
832 0 0
268 2 1
586 4 3
57 4 3
229 0 2
410 3 1
369 0 1
635 1 1
228 0 0
186 0 1
680 4 0
255 0 2
761 0 2
827 2 4
745 4 4
831 3 1
477 4 4
670 1 3
413 0 4
670 2 0
352 0 4
554 2 4
668 0 4
414 0 3
703 3 3
291 1 3
803 2 0
641 1 2
257 3 2
789 4 4
585 0 0
416 3 0
832 3 2
107 4 2
305 0 3
592 2 3
907 2 0
328 0 3
606 1 2
306 3 2
385 2 2
919 1 0
250 3 1
143 0 4
320 4 0
491 0 1
89 1 3
683 4 1
189 3 3
101 1 4
480 4 1
68 4 3
786 0 3
816 2 4
829 4 3
778 0 2
242 0 1
703 3 4
728 4 0
601 0 4
94 2 2
166 2 2
247 3 2
524 2 2
234 3 2
760 1 3
813 2 4
392 1 2
596 1 0
261 3 1
915 4 3
586 3 0
189 4 4
166 3 3
374 0 3
803 0 0
432 4 0
572 0 3
251 3 3
895 2 2
380 4 2
543 1 3
847 2 2
295 2 3
443 1 2
440 0 1
152 2 1
271 2 1
588 2 3
393 3 1
507 1 2
152 1 2
692 2 1
787 3 3
325 4 3
901 1 4
117 1 4
920 2 1
686 3 3
155 1 0
879 1 3
583 1 2
98 1 2
638 3 2
234 0 3
261 0 1
626 4 0
257 2 1
878 2 1
91 2 0
530 4 0
400 1 4
352 1 0
506 4 1
485 2 1
871 3 3
902 4 3
8 1 1
310 1 1
813 2 2
33 2 4
836 0 2
79 2 4
770 0 4
126 3 1
448 3 2
889 0 2
457 0 3
492 1 2
403 1 2
394 0 2
151 2 2
506 1 4
860 4 2
272 4 4
834 0 2
278 1 2
0 1 0
99 3 2
508 4 0
648 1 4
638 0 1
88 2 2
921 1 3
164 2 3
794 3 4
117 3 2
784 4 3
515 0 0
793 0 1
890 4 4
10 3 2
181 3 2
502 1 0
622 3 2
828 2 0
140 1 1
736 4 2
547 2 0
129 2 4
912 2 0
402 2 2
285 4 0
327 0 2
456 2 0
86 2 1
459 1 0
426 3 2
306 2 3
440 0 4
175 3 4
100 0 4
498 1 4
816 0 0
158 3 0
899 1 3
761 4 2
85 0 2
20 0 4
376 2 2
871 3 2
820 0 1
75 4 3
649 0 2
257 2 4
148 2 2
249 0 4
484 3 4
21 4 1
810 0 2
450 0 4
366 4 3
420 4 3
130 0 2
282 2 1
920 3 1
707 4 1
43 0 1
649 0 1
462 2 1
739 4 2
116 1 0
215 3 0
856 2 3
160 4 0
484 0 3
469 2 2
626 1 1
647 3 4
882 2 0
2 2 0
601 2 2
268 3 1
442 1 1
339 2 3
675 2 2
147 4 3
463 0 1
666 4 1
442 2 4
597 1 4
801 0 0
766 3 4
372 4 4
506 4 0
520 3 3
341 2 3
347 3 3
414 0 2
884 2 0
298 3 1
493 1 3
347 1 2
227 4 1
536 2 3
497 3 2
118 1 1
12 3 1
326 0 2
924 4 2
386 4 3
844 2 2
332 0 2
804 0 2
558 4 4
400 2 0
128 3 3
558 2 3
467 1 3
547 2 2
102 0 0
385 1 3
666 4 0
601 3 4
672 4 0
446 4 4
129 0 4
241 2 4
438 3 0
260 0 2
93 2 2
304 0 4
463 3 1
715 0 2
144 3 0
402 2 0
347 3 0
597 0 4
857 0 4
875 3 0
175 4 4
873 3 4
720 0 3
277 1 3
78 3 2
565 0 4
899 4 1
292 1 4
128 2 1
586 1 4
512 3 3
303 4 4
23 3 4
225 2 2
763 2 4
458 3 0
376 1 0
795 4 3
417 4 2
706 0 1
344 4 1
916 2 3
308 4 4
861 1 4
903 1 2
46 1 3
607 4 3
617 0 2
839 3 3
213 0 2
41 3 0
567 3 2
105 2 1
93 3 3
675 0 3
32 4 1
367 1 2
629 1 4
809 1 1
905 1 1
741 0 0
31 3 3
509 4 0
537 3 0
721 2 0
440 2 3
899 3 4
801 0 4
373 0 4
672 4 4
25 1 4
580 2 0
215 2 2
902 0 1
678 3 1
718 3 4
417 4 1
666 2 1
706 1 2
119 1 1
144 0 2
867 2 2
381 0 1
140 4 0
828 3 1
90 4 4
190 3 3
204 0 2
92 2 4
451 2 4
112 0 4
714 0 0
430 2 0
907 3 2
780 4 2
206 0 3
787 2 2
438 2 0
172 2 3
666 4 2
723 2 4
304 3 1
837 3 3
677 2 3
498 3 3
160 1 0
613 3 3
732 2 4
81 0 4
297 3 1
332 3 0
231 4 2
375 2 2
789 0 3
417 0 3
469 1 0
4 0 0
570 3 0
854 3 3
589 0 0
73 2 2
667 0 2
861 0 4
675 3 2
525 4 4
749 2 1
733 2 2
489 0 4
340 4 3
126 4 3
99 3 3
913 4 0
889 0 3
84 3 1
18 3 4
324 2 2
469 3 1
190 4 1
366 4 0
317 2 3
271 1 0
296 2 1
77 2 1
900 2 0
624 3 4
579 0 0
215 1 3
60 2 0
171 4 0
455 3 1
278 3 2
436 0 3
278 4 2
406 3 2
179 2 1
655 2 0
47 4 4
820 3 3
556 4 1
729 0 2
416 3 4
401 3 0
625 4 1
17 1 1
253 3 1
773 1 3
538 0 0
316 1 1
464 2 2
418 1 4
532 2 1
142 4 4
188 3 1
793 0 2
558 3 0
723 2 0
215 1 1
295 0 2
684 0 2
734 2 1
33 2 1
768 0 3
449 1 4
415 1 0
783 3 3
533 0 4
629 2 1
440 4 1
474 3 2
113 3 0
25 4 1
221 3 4
248 2 2
126 3 4
312 0 4
565 1 1
424 2 1
90 1 4
9 3 4
631 4 2
397 0 0
715 1 3
324 4 2
95 1 3
242 4 1
114 2 4
847 1 2
539 3 0
894 2 1
150 2 3
390 4 0
925 3 3
34 4 2
445 2 4
318 3 0
923 2 0
901 3 2
321 1 2
197 1 3
403 0 3
97 1 4
788 2 2
29 4 2
143 0 3
41 4 4
686 2 3
336 2 0
74 3 2
813 4 3
917 3 3
380 0 0
664 4 0
411 1 1
170 3 4
485 0 3
648 1 0
907 3 0
453 3 1
78 1 3
651 0 3
234 1 3
443 1 3
394 4 3
377 4 0
612 0 2
72 3 0
704 1 1
823 3 1
882 1 4
356 3 0
23 1 0
386 2 4
452 4 2
11 2 0
870 1 2
474 2 3
795 0 0
458 0 4
37 1 2
185 1 0
319 3 3
58 3 1
595 3 0
684 2 3
827 0 0
39 2 4
282 0 1
70 4 3
645 2 4
863 1 2
747 4 4
152 0 3
167 3 3
451 1 2
241 4 1
651 4 4
585 2 4
276 2 2
73 0 4
371 4 4
54 3 2
540 2 3
514 2 3
717 4 0
103 0 0
468 4 2
B 871 689 0 381 2
B 101 908 3 64 3
B 915 782 0 642 3
B 387 482 1 6 3
B 273 796 1 912 1
B 844 905 0 64 3
B 248 826 2 227 1
B 279 193 0 528 4
C 187 2 3
B 600 510 0 764 4
B 551 146 0 412 0
B 461 302 4 293 1
B 327 765 4 759 1
B 275 893 1 527 4
B 77 514 1 423 1
C 822 3 1
B 251 782 4 652 2
B 717 20 3 824 4
C 534 1 1
B 179 170 2 235 3
B 502 433 4 168 2
B 829 235 2 647 3
B 859 20 1 910 3
B 836 469 4 688 3
B 73 546 2 710 2
B 765 663 3 30 3
B 133 145 0 433 3
B 238 554 3 780 1
B 758 556 0 428 3
B 598 770 3 81 3
B 467 512 0 519 3
B 702 659 3 752 1
B 921 132 0 651 0
B 125 592 1 269 4
B 104 82 0 174 0
C 582 4 1
B 459 117 3 485 3
B 702 131 1 8 3
B 436 437 3 826 2
B 602 509 1 34 3
B 601 138 1 908 0
B 402 747 2 357 3
B 739 658 2 508 1
B 879 890 1 594 3
B 28 561 4 404 0
B 58 628 4 547 2
B 328 195 3 558 0
B 326 506 0 717 1
B 699 669 4 679 3
B 677 845 2 890 1
C 840 0 3
B 127 451 3 316 3
B 72 348 2 605 1
B 898 372 2 30 3
C 695 2 4
B 225 788 0 240 3
B 209 416 4 445 3
B 768 401 3 481 2
B 281 5 0 320 3
B 837 145 0 15 3
B 335 102 2 640 4
C 591 0 3
B 187 610 3 605 1
B 101 636 3 181 2
B 476 195 4 704 3
B 394 679 0 608 3
B 455 159 3 143 0
B 536 293 4 459 2
B 419 75 3 753 4
B 377 111 3 831 0
B 10 403 1 619 2
B 275 282 2 542 0
C 385 4 1
B 745 110 4 311 3
B 518 854 2 497 3
B 767 778 0 907 3
B 409 651 3 347 2
C 112 2 4
B 726 777 2 782 3
B 720 660 0 676 3
B 169 21 3 102 3
B 343 367 3 18 1
B 772 452 4 709 2
B 130 777 2 582 1
B 535 554 3 522 1
B 103 656 1 97 2
B 796 389 1 407 4
B 495 779 1 322 1
B 735 884 3 44 2
B 88 60 1 336 4
B 756 615 3 564 4
B 182 361 1 878 4
B 549 527 0 867 3
B 357 840 2 48 4
B 344 676 2 838 0
B 599 812 0 60 2
B 57 676 0 571 1
B 438 172 3 601 1
C 532 1 4
C 534 0 4
B 206 563 1 348 2
B 663 614 1 146 1
B 121 650 0 13 1
B 422 79 1 916 1
B 394 784 3 130 1
B 102 46 1 859 0
B 620 656 0 760 0
B 231 668 2 683 1
C 176 0 4
B 731 729 0 429 4
B 172 297 2 850 3
B 83 335 3 34 4
C 354 2 1
B 683 272 4 156 4
B 282 57 2 0 1
B 780 317 0 581 0
B 260 87 4 556 2
B 38 704 4 432 3
B 50 57 2 308 3
B 886 888 4 638 1
C 677 0 0
B 804 202 1 493 3
C 82 3 3
C 719 3 0
B 923 770 0 656 0
B 762 708 1 434 4
B 55 715 4 828 4
B 813 859 1 83 0
B 399 253 1 669 0
C 916 0 1
C 356 2 1
B 94 754 2 87 0
B 604 303 3 832 0
B 799 691 2 646 4
B 814 583 3 156 2
B 421 254 0 835 1
B 856 760 0 151 3
B 375 542 1 826 3
B 268 804 3 3 1
C 130 1 4
B 399 411 4 615 1
B 636 216 1 300 2
B 635 874 3 44 3
B 874 608 0 34 4
B 119 561 3 42 4
B 379 196 0 792 0
C 675 0 4
B 414 351 1 656 4
B 805 488 1 865 4
B 352 679 0 319 1
C 823 0 2
C 392 3 2
B 403 734 1 920 4
B 544 588 2 681 0
B 454 428 4 22 0
B 153 675 3 547 4
B 423 89 0 563 4
B 310 644 4 281 4
B 462 38 4 565 1
C 69 3 1
B 478 560 3 557 4
B 917 257 3 858 1
B 725 414 4 433 2
B 254 819 1 483 3
B 178 903 2 882 3
B 185 701 2 841 0
C 562 2 0
B 494 674 2 719 3
B 72 97 4 465 3
C 477 1 2
C 247 4 3
B 393 697 4 363 3
B 579 757 1 844 0
B 197 447 1 824 3
B 229 609 3 856 1
B 604 551 1 480 1
B 641 430 4 665 3
B 335 313 2 92 2
B 326 261 2 215 2
C 103 0 3
B 555 723 0 319 3
B 294 465 0 185 3
B 874 284 2 106 2
B 583 610 3 688 0
B 505 845 1 589 0
B 817 320 3 619 4
B 673 88 3 173 3
B 261 727 3 499 0
B 576 9 2 13 2
B 649 824 3 476 1
B 532 463 0 343 0
B 36 253 2 816 2
C 764 0 4
C 66 0 2
B 401 388 0 202 1
B 626 637 4 831 4
B 689 390 1 822 0
B 150 78 2 439 3
B 559 25 0 624 2
B 541 583 2 517 0
B 378 180 0 569 1
B 517 848 3 91 2
B 310 820 1 311 0
C 164 3 0
B 630 237 1 109 3
B 115 194 1 189 0
B 94 128 4 497 0
B 705 161 3 444 2
B 170 676 1 353 4
B 89 222 3 894 3
B 437 792 3 194 3
B 576 642 1 829 1
B 375 717 1 110 0
C 497 2 4
B 67 191 0 94 0
B 31 803 2 811 0
B 369 167 4 480 3
B 248 377 3 447 3
C 386 0 4
B 365 317 1 132 2
B 889 821 0 671 4
B 764 688 0 56 4
B 724 359 4 483 4
B 48 895 4 506 1
B 911 767 1 97 1
B 463 145 1 713 3
B 421 292 0 714 2
B 418 213 2 535 4
B 794 311 0 578 1
B 240 570 2 132 2
B 566 198 0 417 4
C 198 4 4
B 805 133 3 269 4
C 580 3 0
C 190 0 1
B 44 665 2 788 4
B 625 849 1 838 2
B 203 353 3 329 4
B 19 622 3 390 1
B 339 772 3 537 4
B 670 784 0 679 2
B 855 96 0 846 1
B 338 63 3 347 3
B 755 576 3 650 3
B 587 345 1 637 2
B 296 724 4 637 4
B 861 312 0 783 2
B 565 239 0 538 0
B 224 656 1 569 0
B 856 420 2 240 4
B 727 637 0 12 4
B 914 321 0 607 1
B 735 296 0 468 4
B 152 691 3 254 1
B 83 146 2 805 0
B 776 508 1 544 4
B 660 406 3 873 2
B 691 751 0 210 2
B 282 806 3 303 1
B 418 778 3 178 2
B 92 425 2 238 1
C 722 3 2
B 157 308 1 815 3
B 146 590 4 491 4
B 707 112 3 865 3
B 366 159 3 96 2
B 280 686 1 493 4
B 126 589 4 199 1
B 127 736 2 143 4
B 132 411 1 180 1
B 396 533 4 500 1
B 368 164 4 540 2
C 505 3 4
B 409 902 4 100 2
B 292 820 0 912 2
B 143 82 3 857 1
B 310 864 4 472 2
B 358 423 2 279 0
B 511 184 3 332 2
B 399 565 3 529 1
B 180 424 4 237 4
C 377 0 2
B 127 302 2 26 1
B 261 781 4 77 1
C 395 1 0
B 18 616 3 159 1
B 908 867 1 794 2
B 741 804 0 332 3
B 192 228 1 178 2
B 760 831 1 121 3
B 607 889 1 661 2
B 399 28 0 803 2
B 892 271 3 617 1
B 832 74 4 286 3
B 562 323 4 32 4
B 749 610 1 653 4
B 159 530 1 95 4
B 217 629 0 823 3
B 167 311 1 219 0
B 436 219 1 623 1
B 181 855 2 16 1
B 819 663 2 143 0
B 924 903 3 87 0
B 744 235 2 258 4
B 914 86 3 696 1
B 669 357 0 763 4
B 674 306 0 623 0
B 37 876 2 148 1
B 859 862 0 743 3
B 252 123 2 801 4
C 841 3 3
B 643 821 0 867 1
B 664 517 0 792 2
C 580 1 2
B 478 256 2 452 2
C 868 1 1
B 521 409 0 437 2
B 591 696 2 119 4
B 484 37 3 19 4
B 608 645 3 321 1
B 895 445 4 769 3
B 262 791 1 759 1
B 526 881 3 782 4
C 765 2 1
B 82 639 3 392 2
B 400 11 2 392 3
C 915 4 2
B 226 629 1 776 0
B 201 195 4 282 3
B 728 67 4 467 2
B 811 896 4 424 4
B 377 494 3 118 2
B 734 774 3 789 1
B 10 783 2 697 3
B 273 125 2 205 2
B 216 298 1 636 1
B 471 304 4 633 1
B 526 865 2 607 3
B 891 577 0 299 4
C 476 2 2
B 178 130 4 840 2
B 617 445 3 819 4
B 856 55 1 128 1
B 748 564 4 855 2
B 234 183 4 448 3
B 815 722 3 325 0
B 807 372 3 104 2
B 32 129 1 749 2
B 825 364 0 496 2
B 9 264 2 541 2
B 767 770 2 318 3
B 22 33 1 441 4
B 885 908 2 189 3
B 309 435 4 431 4
B 598 544 1 79 2
B 844 789 3 710 2
C 497 3 3
B 743 193 0 497 1
B 734 895 0 548 4
B 11 282 1 470 0
C 846 2 3
B 648 405 1 179 0
B 904 37 1 518 3
B 93 312 0 281 2
C 195 2 2
B 465 522 4 200 3
B 48 337 0 639 2
C 820 1 0
B 700 832 2 99 4
B 673 455 2 524 3
B 806 590 3 91 1
B 725 347 3 487 0
B 102 578 0 89 2
B 804 398 4 211 1
B 213 475 1 211 1
B 710 443 4 797 1
B 111 119 4 315 1
C 538 4 4
B 695 335 2 671 1
B 46 100 1 349 4
B 340 890 3 380 0
B 56 583 3 578 3
B 45 728 3 358 3
B 615 208 4 194 0
B 797 403 1 343 2
B 106 462 2 850 4
B 911 618 1 665 2
B 482 596 3 870 0
B 559 475 4 705 4
B 405 719 1 707 1
B 221 103 4 138 1
B 122 420 4 371 3
B 480 354 3 650 3
B 66 261 3 377 1
B 493 881 0 580 3
B 402 479 0 418 2
B 210 439 4 382 2
B 788 325 1 841 4
B 311 503 3 459 4
B 356 69 1 28 2
C 646 0 4
B 1 699 3 127 2
C 355 2 2
B 822 242 1 128 0
B 722 377 3 516 2
B 757 760 4 188 3
B 667 536 2 757 0
B 356 395 4 648 2
B 909 43 4 47 3
B 292 145 3 548 0
B 144 286 3 97 1
B 352 616 1 510 3
B 351 918 2 810 2
B 70 858 2 555 1
B 890 416 2 389 0
C 202 2 2
B 786 570 0 583 2
B 13 562 0 875 3
B 691 491 1 168 1
C 452 4 4
B 878 578 4 818 2
B 287 593 2 516 4
B 740 907 1 443 4
B 594 563 3 831 4
B 882 562 0 218 1
B 27 163 0 125 2
C 841 0 0
B 356 144 2 134 3
C 679 1 0
B 860 733 0 167 1
C 860 1 0
B 735 212 2 594 0
B 514 413 0 324 1
B 58 841 4 421 3
B 891 915 4 157 1
B 215 131 1 374 0
B 523 768 4 694 1
B 378 430 3 884 2
B 824 493 2 865 4
B 912 540 0 702 4
B 446 726 2 154 1
B 695 406 2 547 0
B 196 621 3 361 1
B 527 748 0 798 3
B 530 517 4 145 2
B 248 850 2 656 4
C 253 1 3
B 631 54 4 336 1
B 607 279 0 475 0
C 718 3 2
B 613 52 4 685 2
B 465 654 0 482 2
B 563 612 0 897 0
C 695 0 2
B 495 64 0 647 0
C 217 3 1
B 206 604 4 753 4
C 620 1 4
C 465 3 2
B 344 470 1 380 3
B 797 725 0 605 2
B 19 910 1 810 4
B 430 369 3 853 4
B 171 825 2 66 1
B 353 549 3 689 3
B 297 429 2 318 1
B 414 603 2 457 2
B 490 546 4 683 3
B 257 712 0 173 2
B 134 395 4 638 1
C 865 3 2
B 637 539 0 37 3
B 545 93 0 738 3
B 586 19 1 788 2
B 144 800 3 348 4
B 386 200 0 193 3
B 641 497 3 815 4
B 106 418 4 422 3
B 503 43 4 784 0
B 831 358 4 723 1
B 466 648 4 754 0
B 781 859 4 795 2
C 417 0 1
B 524 244 0 592 1
B 577 369 2 913 1
C 604 2 2
B 652 801 3 805 0
B 632 558 0 673 4
B 871 517 0 1 0
B 493 501 1 821 2
B 115 322 4 381 3
C 253 4 0
B 51 561 2 744 3
B 741 105 0 310 1
C 403 1 2
B 859 474 3 395 1
B 843 278 2 87 1
B 43 753 0 281 0
B 840 139 1 613 0
B 379 645 4 554 2
B 107 524 2 737 2
B 293 503 2 223 2
B 222 700 4 225 4
B 579 650 3 454 0
B 650 44 0 473 2
B 706 461 2 334 1
B 560 259 3 464 4
B 235 391 4 851 2
B 774 907 2 431 2
C 623 1 4
C 540 4 1
B 850 689 4 754 4
B 330 585 0 234 1
C 853 1 4
B 476 248 1 615 3
B 191 858 3 270 3
C 186 1 3
B 112 901 1 210 1
B 125 105 1 108 2
B 865 742 3 750 0
B 719 209 0 430 2
B 413 511 3 248 3
B 682 462 1 643 1
B 786 90 2 150 0
B 631 690 2 128 4
B 36 564 0 663 0
B 546 524 3 219 4
B 141 147 3 473 4
B 74 804 2 482 2
B 253 189 1 669 4
B 820 891 2 425 0
B 523 533 3 537 0
B 708 0 0 557 2
B 135 503 3 132 3
B 881 559 0 9 1
B 299 0 3 425 0
B 903 878 4 71 2
B 888 596 0 66 0
B 890 220 0 599 1
B 307 573 4 516 2
B 255 104 0 108 2
B 475 176 3 343 2
B 895 463 3 170 1
B 452 742 2 806 1
B 780 515 0 517 1
B 261 248 1 596 2
B 278 134 0 506 0
B 582 922 1 913 2
B 81 353 1 365 2
B 905 786 3 177 4
B 222 68 0 90 2
B 900 821 2 303 2
B 387 378 1 590 1
B 597 864 4 231 4
B 254 746 2 65 0
B 277 501 1 261 1
B 343 188 3 568 0
B 744 592 2 324 3
B 330 883 4 208 3
B 524 860 0 13 4
B 649 33 4 34 0
B 295 484 3 546 4
B 440 894 0 536 0
C 52 1 4
C 695 1 3
B 364 63 1 311 0
B 769 728 3 283 0
B 588 216 0 322 1
B 759 498 3 46 1
B 290 525 0 797 3
B 826 569 0 715 1
B 802 819 1 257 1
B 408 589 4 31 4
B 363 582 1 872 2
B 843 461 2 388 2
B 753 431 2 299 0
B 333 96 2 254 4
B 766 828 2 624 0
B 809 549 3 906 4
C 197 1 1
B 764 885 0 242 1
C 923 3 0
B 159 724 3 579 1
B 753 819 0 119 3
B 795 717 2 26 1
B 561 828 4 337 0
B 172 551 0 873 0
B 419 780 2 838 4
B 607 107 3 669 2
B 681 823 3 573 4
B 191 328 4 525 3
C 229 4 2
B 857 51 1 5 1
C 640 2 4
B 42 22 0 248 2
C 88 2 1
C 561 4 0
C 876 0 1
B 722 807 4 528 4
B 323 345 1 629 3
B 506 478 3 768 3
B 838 214 4 681 1
B 564 487 3 752 4
B 290 133 4 266 4
B 198 452 2 891 1
B 155 708 2 103 1
B 844 615 3 416 0
B 746 37 3 648 0
B 617 9 3 900 1
B 565 848 2 179 0
B 672 836 3 634 2
B 183 86 0 525 3
B 249 734 0 767 2
B 763 687 0 404 4
B 773 549 2 871 0
B 863 482 4 515 2
B 874 136 3 876 0
B 64 126 2 346 3
B 257 508 0 419 2
B 901 881 1 863 1
B 64 270 0 893 2
B 667 867 2 529 1
B 53 497 0 17 0
B 322 916 1 624 0
C 306 1 0
B 291 884 4 856 4
B 628 791 3 773 3
C 437 2 0
B 883 846 0 379 0
B 15 784 2 855 0
B 878 503 2 194 2
B 241 294 3 794 4
B 316 485 4 771 2
B 735 40 2 712 1
B 176 512 1 423 0
B 389 83 4 107 1
B 838 580 1 2 0
B 351 242 4 433 2
B 864 99 0 762 0
B 139 644 3 133 1
B 889 658 2 803 4
B 182 814 0 466 2
C 276 1 1
B 817 279 3 439 3
B 243 70 1 557 3
C 408 2 3
B 185 701 4 386 1
C 412 2 1
B 151 478 1 199 3
B 842 744 0 387 4
B 55 684 2 59 0
B 694 451 4 164 2
B 548 774 4 716 2
B 94 512 2 59 0
B 482 478 0 219 4
B 441 184 4 33 2
B 426 894 2 39 2
B 165 120 1 108 1
B 8 217 2 774 2
B 129 490 3 872 4
B 676 614 3 409 4
B 158 612 4 678 2
C 919 0 3
B 333 273 1 723 2
B 726 145 4 662 0
B 520 844 0 560 1
C 235 0 3
B 386 273 3 774 0
C 692 4 0
B 181 374 4 130 4
B 172 253 2 429 3
B 735 459 2 886 2
B 839 595 1 212 2
B 159 843 4 72 4
B 105 774 4 415 1
B 873 252 1 24 2
C 26 4 0
B 781 823 3 317 0
B 567 596 1 304 0
B 754 464 1 239 3
B 42 433 0 41 0
C 882 0 2
B 744 34 2 484 1
B 5 701 0 249 0
B 371 210 4 198 0
B 655 620 0 84 2
B 649 705 1 629 3
B 691 848 3 165 3
B 716 596 1 3 0
B 768 22 3 281 0
B 231 473 0 699 3
B 403 403 2 306 2
B 617 661 4 392 4
B 895 600 0 788 4
B 594 457 1 644 0
C 274 3 1
B 445 328 2 680 3
B 832 366 0 337 0
B 239 699 2 913 0
B 835 22 0 490 4
B 57 622 0 543 0
B 425 252 1 405 3
B 277 408 0 75 1
B 276 585 4 783 1
B 452 631 0 280 1
C 805 4 0
B 386 398 1 387 3
B 443 299 4 428 1
B 183 52 3 700 2
B 691 807 4 700 4
B 20 39 2 539 3
B 546 694 0 651 3
B 649 530 4 71 3
C 526 3 4
C 883 1 4
C 854 4 0
B 505 205 0 698 1
B 367 632 2 687 3
B 425 730 4 895 1
C 617 4 2
B 426 73 0 138 0
B 531 886 4 364 4
B 380 776 1 92 2
B 28 726 3 196 2
B 803 846 0 737 0
B 175 689 2 633 3
B 924 607 0 344 1
C 222 2 2
B 852 277 0 40 4
C 40 3 2
B 647 411 4 345 3
B 299 836 0 108 1
B 83 489 3 432 4
B 801 668 2 163 0
C 351 2 2
B 822 825 1 189 0
C 401 2 2
B 605 234 4 533 3
B 868 420 0 313 3
C 510 4 4
B 902 535 2 260 1
B 629 385 4 91 3
B 285 4 4 377 1
B 42 99 2 440 0
B 884 910 3 178 4
C 785 3 0
B 246 781 0 506 3
C 124 3 2
B 731 829 4 0 3
C 424 4 2
B 913 637 1 424 0
C 795 1 3
B 829 859 1 687 1
B 277 99 1 551 2
C 281 3 2
B 738 318 1 902 3
B 205 138 2 850 2
B 291 558 1 298 4
B 30 552 2 332 2
B 676 672 3 550 3
B 605 755 4 31 4
B 192 665 3 392 3
C 753 3 1
B 146 249 0 703 2
B 158 471 3 459 0
B 443 609 1 364 4
B 343 71 4 836 3
C 321 0 4
B 318 172 2 627 3
C 746 1 3
B 443 753 3 711 2
B 15 349 1 229 0
B 474 20 4 897 2
B 576 651 0 24 0
C 903 0 2
B 694 882 2 539 0
B 62 56 1 542 3
B 860 253 0 125 4
B 219 420 2 10 3
B 915 26 4 762 4
B 522 693 3 312 1
C 628 4 2
B 759 571 0 919 3
B 554 252 1 807 1
B 745 67 3 94 1
B 518 507 0 698 2
B 720 168 4 304 1
C 631 0 3
B 763 362 0 296 1
C 265 4 1
B 828 386 4 53 0
B 210 337 0 701 0
B 872 729 1 388 4
B 834 383 2 618 1
B 302 498 1 486 3
C 80 3 2
C 704 0 1
B 340 119 3 329 4
B 484 824 2 446 0
B 708 672 3 589 2
B 361 266 4 64 1
B 856 395 0 98 1
B 758 626 1 562 0
C 583 4 2
B 845 69 4 702 3
B 261 764 2 704 1
B 230 112 4 638 4
B 841 756 4 256 4
B 817 299 0 287 4
C 791 3 2
B 735 828 3 864 0
B 657 857 0 897 3
B 621 27 0 203 4
B 719 777 4 400 3
B 45 450 2 895 3
C 330 3 1
B 551 452 4 590 4
B 760 402 3 598 0
B 261 717 3 38 2
B 18 145 1 832 4
B 898 816 1 863 1
B 227 920 2 272 3
B 575 129 0 901 2
B 132 794 1 558 2
B 396 333 0 842 0
C 813 0 4
B 617 821 1 848 0
B 77 129 1 880 4
C 33 4 2
B 201 115 4 892 0
B 599 521 0 488 2
B 552 866 1 500 0
B 95 694 4 216 1
B 148 526 2 205 3
C 48 0 4
B 678 608 0 198 0
C 261 4 3
B 42 628 3 233 3
C 751 2 4
B 79 7 0 724 3
B 677 908 2 884 4
C 302 0 3
B 706 717 2 144 0
C 81 0 1
B 26 917 2 17 4
B 29 88 3 35 2
B 715 177 2 837 0
B 780 367 3 562 4
B 629 564 0 7 1
B 575 129 3 438 2
B 152 860 2 627 2
B 663 350 1 465 3
B 742 115 1 882 3
B 403 138 0 251 0
B 780 782 3 582 1
C 35 3 2
C 643 3 1
C 643 1 2
C 318 1 0
B 397 101 2 359 1
B 818 172 2 489 0
C 258 0 4
B 0 201 0 98 0
B 94 823 0 114 4
C 289 1 1
B 454 263 3 273 2
B 386 195 2 537 1
B 71 873 0 23 0
B 641 616 3 257 4
B 239 361 0 580 4
B 116 780 2 728 0
C 390 3 0
B 344 380 3 482 0
B 617 155 2 139 0
B 64 419 1 555 3
B 356 263 4 85 0
B 296 52 1 654 2
B 494 795 0 428 2
B 405 306 3 888 4
B 698 478 0 163 4
C 660 1 3
C 757 0 3
B 788 916 1 463 0
B 218 81 0 0 4
B 329 812 4 590 0
B 719 336 1 7 3
C 711 4 2
B 217 525 0 578 0
B 780 369 4 321 4
B 140 676 2 833 0
B 731 255 1 725 3
B 602 337 0 643 3
B 819 633 2 262 3
B 242 394 3 835 2
B 244 848 4 643 0
B 602 660 0 450 4
B 588 922 4 673 1
B 301 224 1 45 2
B 725 616 4 656 0
B 616 444 1 876 4
B 149 444 3 674 2
B 461 835 0 783 1
B 623 158 3 558 0
C 382 0 4
B 555 190 3 125 1
B 886 39 0 95 1
C 464 1 0
B 918 85 3 570 4
B 706 714 2 82 0
B 720 425 3 70 2
B 857 203 0 427 1
B 301 802 3 700 4
B 763 889 0 417 0
B 6 916 2 282 3
B 587 184 4 621 1
B 824 436 0 408 1
B 770 408 0 637 0
B 532 533 3 923 0
B 391 124 4 789 0
C 107 2 1
B 509 187 2 152 2
B 206 215 3 260 0
B 740 687 3 322 4
C 34 2 2
B 24 776 4 615 0
B 47 830 3 847 0
B 210 793 4 183 3
B 428 806 3 607 2
B 647 516 3 436 2
B 109 83 2 447 4
B 726 161 4 538 2
B 897 382 1 699 4
C 565 0 2
B 806 685 3 87 3
B 219 77 3 348 1
B 374 783 3 159 3
B 118 607 0 914 2
B 22 800 1 337 3
B 625 640 0 610 0
B 16 138 4 373 0
B 173 466 4 919 1
B 637 175 2 612 4
B 634 833 1 268 1
B 540 857 1 550 2
B 480 751 2 122 0
B 529 31 1 39 4
B 246 833 1 39 0
B 708 511 1 664 4
B 186 141 2 746 0
B 561 619 3 25 1
B 283 682 2 176 0
B 193 682 1 816 3
B 201 208 3 176 3
B 268 198 1 324 2
B 556 386 3 645 0
B 83 60 2 448 4
C 838 3 3
C 502 4 4
