848 4 1000 956
497 2 0
640 0 2
88 2 2
641 2 2
200 1 0
447 1 1
39 3 3
191 1 0
336 0 1
189 3 3
125 1 3
52 1 0
165 0 0
668 3 3
207 2 3
80 2 2
431 3 0
41 2 3
755 1 2
422 0 1
611 2 2
456 0 3
326 3 2
808 3 2
657 0 0
455 1 3
677 0 2
591 3 2
453 0 2
526 0 0
737 2 1
847 0 3
751 0 1
832 3 2
467 0 1
529 0 2
365 2 2
526 2 3
786 2 3
385 2 3
185 2 0
269 3 1
41 1 1
434 3 0
299 0 3
93 2 2
491 2 2
546 1 1
454 2 1
133 1 3
304 3 0
608 3 2
681 1 3
372 3 3
383 0 3
128 0 2
616 3 2
290 1 1
801 2 2
210 2 0
622 0 3
809 3 0
467 3 0
12 0 0
141 1 0
366 3 3
739 0 1
598 1 2
690 0 1
297 2 3
55 1 2
823 1 1
504 1 2
499 3 1
402 3 2
749 3 3
686 1 1
413 0 2
66 1 3
755 3 2
650 1 0
174 2 3
633 1 0
376 3 1
138 1 3
237 1 0
289 2 2
729 2 0
125 2 1
428 1 3
7 0 2
14 0 0
366 1 2
262 0 2
440 0 2
462 1 1
567 3 1
411 1 0
510 2 0
264 1 1
7 2 0
604 0 3
648 3 2
728 2 3
185 1 0
288 2 1
660 1 3
741 3 0
71 0 1
607 0 1
391 3 1
528 3 1
44 3 2
777 2 0
437 0 0
63 3 1
254 0 2
576 1 1
120 2 2
418 0 1
585 2 1
33 1 0
66 0 2
687 1 2
533 1 0
399 0 2
37 1 3
807 0 2
300 2 0
608 0 0
47 0 3
470 1 2
573 2 3
76 1 0
98 1 3
203 2 3
821 3 2
513 1 1
570 1 3
439 0 1
24 0 0
570 3 0
161 2 3
804 2 1
6 1 3
389 0 0
684 0 0
825 2 2
837 3 3
187 3 2
265 2 0
306 0 2
207 3 1
794 0 0
771 0 3
93 3 1
98 0 1
505 2 2
668 1 2
761 2 0
334 1 2
219 2 0
756 0 3
201 0 0
342 1 0
198 1 0
210 0 2
221 1 0
802 3 0
545 3 1
801 3 2
89 3 1
202 3 1
393 0 1
448 2 0
355 3 2
185 2 1
179 2 2
339 1 0
122 3 3
157 0 0
159 3 0
508 2 3
530 0 3
112 2 1
793 1 3
481 3 2
238 2 2
467 1 2
542 2 2
340 3 1
157 1 0
552 1 1
454 1 1
576 2 1
702 3 2
244 1 3
532 3 0
25 2 0
77 3 3
790 1 0
713 1 0
112 1 1
378 3 2
497 2 2
241 2 0
99 2 1
172 3 0
828 0 2
57 3 0
760 2 0
828 3 0
25 2 2
308 3 0
641 1 3
747 1 3
439 2 0
58 1 0
226 1 1
747 3 3
87 0 0
614 3 1
31 0 1
159 0 1
459 2 2
368 0 3
636 1 2
840 2 1
296 0 2
373 1 1
112 3 0
690 1 1
202 0 3
651 3 2
570 2 0
135 2 2
831 3 0
226 0 0
135 1 3
353 1 0
360 0 2
675 1 1
688 3 2
503 0 1
830 3 3
276 0 2
276 3 1
331 1 3
485 1 3
414 2 3
450 1 0
612 1 2
563 3 0
141 2 2
812 2 0
747 2 1
811 0 2
767 3 3
567 0 1
713 0 2
455 3 3
19 2 0
109 0 1
238 2 3
362 1 3
145 3 3
231 0 3
264 1 0
127 1 2
247 3 2
383 1 3
829 3 0
278 0 0
598 0 1
500 0 0
604 3 2
722 0 0
589 3 2
557 0 2
408 0 3
406 1 1
798 2 1
626 2 1
98 1 2
392 0 1
343 1 2
535 3 2
805 1 2
569 2 3
228 0 2
65 1 0
519 3 3
161 2 0
259 2 0
332 3 2
836 2 1
666 1 1
71 1 0
700 0 3
93 2 1
519 3 1
697 2 3
424 3 3
768 1 0
716 1 0
219 1 0
233 1 3
643 2 2
80 1 3
576 0 0
481 2 2
50 2 1
292 0 1
395 2 3
405 3 3
165 3 1
397 3 1
652 3 0
395 1 2
310 1 2
547 0 3
697 1 3
521 3 1
514 2 2
180 0 1
663 1 2
700 2 2
118 0 0
406 1 3
42 0 3
640 1 1
429 2 0
150 0 0
366 2 2
311 2 3
765 3 1
502 0 1
728 0 1
319 3 0
499 2 0
72 3 0
759 3 1
757 3 0
130 1 2
734 3 0
104 3 2
605 3 3
820 0 1
483 3 3
200 1 1
524 0 1
430 2 0
563 1 1
528 0 1
752 0 0
71 3 1
40 1 1
299 3 2
754 2 3
711 0 0
111 2 2
310 2 1
738 0 1
183 3 0
110 2 1
695 0 1
232 0 2
167 1 0
797 0 3
732 0 0
484 2 0
816 0 3
467 2 2
757 0 0
146 0 3
447 3 1
6 0 3
77 0 0
65 2 0
450 3 2
420 0 0
752 3 3
267 2 0
369 1 0
172 2 1
772 3 3
540 0 0
329 2 2
722 0 3
352 3 1
537 1 2
395 1 3
209 3 1
412 1 1
328 3 3
340 3 3
545 0 1
670 2 0
192 2 1
587 3 2
553 0 1
638 1 2
516 1 3
231 0 2
694 3 0
133 1 0
176 3 1
339 0 0
62 1 3
108 0 1
470 2 1
325 1 0
614 2 3
469 3 3
395 2 0
101 1 2
524 2 1
76 0 0
361 1 0
618 2 2
407 3 2
761 0 1
512 2 1
502 0 3
192 3 0
189 1 1
312 3 2
513 0 2
225 2 1
202 0 1
845 3 1
105 2 0
223 1 0
104 1 0
440 2 0
785 0 3
775 3 0
806 3 0
217 0 0
9 1 0
234 0 0
748 0 0
588 1 2
345 0 0
741 3 2
377 2 3
180 3 0
423 0 3
366 3 1
97 0 1
386 3 2
747 1 0
693 0 3
272 2 2
742 3 2
118 2 1
18 0 3
413 2 2
576 3 2
211 3 0
647 2 2
72 0 2
784 3 1
331 1 0
351 1 0
34 3 0
573 1 3
236 2 2
620 1 2
128 3 0
72 0 3
790 0 2
61 3 3
290 3 2
821 3 3
192 0 2
694 0 1
559 1 2
637 2 1
385 3 2
389 1 2
438 3 1
483 3 2
93 2 0
577 3 3
442 1 3
125 0 3
312 0 1
594 0 2
295 0 1
487 1 1
215 3 0
157 1 1
259 1 3
287 2 0
572 3 1
807 3 2
409 0 1
644 0 1
743 2 1
188 1 2
503 3 2
489 3 3
120 3 1
269 3 2
431 2 2
112 0 0
404 2 1
237 1 3
185 3 0
809 1 2
200 0 1
494 2 0
659 2 0
591 2 3
563 1 3
818 0 0
537 1 0
282 3 2
539 3 3
819 2 3
203 3 2
821 3 0
245 3 0
274 1 2
320 1 1
312 1 0
240 1 1
753 0 1
73 0 2
528 3 0
348 0 2
833 2 3
793 1 1
493 0 3
310 1 0
648 0 3
449 2 0
428 2 1
146 1 2
229 2 3
427 2 0
758 3 1
137 2 3
93 2 3
185 1 1
169 3 1
430 3 3
256 0 2
754 2 1
143 0 0
18 0 0
185 1 3
314 2 2
740 3 3
370 3 3
372 2 2
495 2 1
334 2 2
606 3 3
145 2 1
278 3 3
396 0 1
274 0 2
473 1 0
574 1 3
754 2 0
820 1 3
751 1 2
264 0 3
583 0 1
228 1 1
218 2 1
151 1 1
51 1 0
617 2 1
261 3 1
728 3 3
608 2 2
59 1 1
574 1 0
113 1 0
385 2 0
680 0 3
182 2 0
578 1 3
696 3 1
763 3 2
730 0 1
783 0 2
229 1 1
194 0 3
841 0 2
478 0 3
189 1 0
329 3 0
662 2 1
305 3 1
251 1 1
514 3 2
326 2 1
359 1 3
508 0 1
498 3 3
342 0 3
32 3 1
426 1 2
129 3 2
690 2 2
555 0 3
784 3 0
733 3 0
340 0 0
622 2 1
759 0 3
769 3 1
37 3 3
621 0 2
394 0 2
248 1 1
200 1 2
88 1 3
109 1 0
765 1 2
672 3 2
835 0 0
770 0 1
128 2 1
149 1 2
117 3 1
575 1 2
101 1 3
242 1 0
69 3 1
363 0 2
166 3 1
836 0 3
108 3 3
344 2 2
220 0 0
654 0 2
206 2 3
134 3 0
331 3 2
588 2 1
249 0 0
724 0 0
594 2 3
598 3 0
501 0 3
756 0 0
130 0 0
360 2 3
47 3 3
691 3 3
241 0 2
614 3 0
91 3 3
728 1 2
589 0 1
168 0 2
394 2 2
387 3 0
485 2 1
841 3 2
501 3 1
582 0 3
605 2 2
726 1 1
612 0 3
58 0 0
102 3 3
545 0 0
227 3 3
604 2 0
290 0 0
224 1 0
638 3 1
372 0 3
402 0 1
691 3 1
625 0 1
86 2 2
126 3 0
232 0 3
157 2 0
774 1 0
632 2 3
158 1 0
330 1 2
428 0 2
189 0 3
297 3 2
423 0 0
81 1 2
311 3 1
1 1 3
288 0 1
678 1 1
21 0 3
680 1 1
804 1 3
769 2 2
727 0 0
315 3 1
6 1 2
190 3 1
429 2 1
330 1 3
573 2 2
282 3 3
647 2 3
638 2 2
691 1 1
765 1 1
314 0 2
581 1 1
592 3 1
190 3 0
413 3 3
841 3 0
471 0 3
350 2 2
131 2 1
510 1 0
614 3 2
597 0 0
216 3 0
8 2 3
159 1 0
11 0 1
349 1 3
252 2 2
698 3 0
189 0 0
308 1 0
39 2 1
36 0 3
541 1 0
256 2 1
248 1 3
802 2 2
838 1 1
121 0 3
114 0 0
814 1 3
22 0 3
314 1 0
390 2 2
316 3 3
154 2 2
512 1 2
182 1 0
660 3 0
389 2 3
714 1 3
408 2 2
135 3 1
44 3 0
356 1 1
257 2 2
779 1 2
418 1 3
629 2 1
588 0 3
69 1 2
228 1 2
538 0 1
435 2 3
734 2 0
663 0 2
582 3 0
25 3 3
701 0 2
596 1 3
730 1 1
161 0 3
719 0 0
648 2 0
619 1 1
370 0 1
298 0 3
817 0 3
602 3 0
619 1 3
262 1 1
177 1 2
767 1 0
450 3 1
622 3 0
629 1 0
565 1 2
284 3 3
580 1 0
64 1 2
693 2 1
440 3 1
85 3 1
674 2 0
352 3 0
208 1 0
529 0 1
532 1 2
491 3 0
625 1 1
282 3 0
603 0 0
435 1 1
218 2 2
483 2 1
299 0 2
112 0 3
513 0 3
313 0 0
118 2 0
653 0 0
532 0 0
685 2 0
810 1 2
263 2 3
95 2 3
837 1 3
212 3 2
692 2 1
484 3 3
28 3 1
361 0 3
695 0 2
250 0 2
137 0 2
447 1 3
355 2 3
188 3 0
236 0 3
197 2 2
215 3 2
683 0 3
593 2 2
286 0 0
310 2 2
634 2 1
786 3 1
838 2 3
233 2 1
422 0 0
304 0 1
585 1 2
625 0 2
207 0 3
142 0 2
9 1 3
250 0 3
75 2 0
789 3 3
248 0 2
471 2 0
664 3 1
658 2 3
659 3 0
706 2 0
612 0 2
242 0 2
125 1 0
623 0 1
208 1 2
733 0 3
59 2 1
356 3 2
451 0 3
50 1 0
758 1 1
726 1 2
571 0 0
244 3 0
158 2 1
835 2 2
533 2 1
762 0 2
771 1 2
846 0 0
819 1 1
530 0 0
19 0 0
176 1 2
382 1 0
433 2 3
119 2 2
735 3 3
133 2 2
13 1 0
836 0 1
622 0 0
173 0 3
227 2 0
316 2 0
655 0 1
399 3 3
272 3 0
755 2 2
50 0 2
452 1 0
540 0 3
94 0 3
42 1 3
816 3 2
792 1 3
204 2 1
512 1 1
76 3 2
569 0 2
697 3 2
342 0 2
620 1 1
33 2 0
260 3 3
766 1 0
370 3 2
127 3 3
786 1 0
559 1 3
404 2 3
79 0 2
433 0 2
165 3 2
286 0 1
528 1 3
499 0 2
488 3 0
666 2 0
470 2 0
631 2 3
598 1 0
587 0 2
288 3 1
828 0 0
374 0 3
690 3 0
68 1 3
696 1 2
617 3 2
146 3 0
323 0 0
547 2 0
512 0 0
89 1 3
82 2 1
303 1 0
80 3 2
0 1 1
425 3 2
134 2 2
116 2 0
244 0 3
170 0 0
509 3 0
279 0 2
700 3 3
7 2 2
282 3 1
210 3 3
808 2 3
237 2 2
446 3 1
141 3 2
256 1 1
706 0 0
376 3 3
11 3 2
201 3 1
811 1 3
222 3 2
612 0 0
807 0 1
291 0 2
316 3 1
271 3 3
825 2 0
792 0 3
532 1 3
489 0 1
159 0 0
817 0 2
84 1 0
704 1 3
160 3 3
560 2 1
524 1 0
207 2 0
827 1 3
621 3 2
306 0 0
555 2 1
417 2 3
687 2 0
843 2 3
743 0 2
639 1 0
110 1 0
666 3 1
55 1 3
B 321 327 3 648 3
B 374 574 1 408 0
B 625 180 1 505 2
B 321 188 3 5 0
B 22 342 3 593 3
C 414 0 2
B 731 269 1 825 3
B 244 609 1 427 3
B 186 620 1 483 1
B 389 393 0 709 1
B 128 551 2 608 2
B 314 418 2 399 1
C 573 2 1
B 239 241 3 314 2
B 508 650 1 404 0
B 619 53 1 185 2
B 493 329 3 284 2
B 32 819 0 434 1
B 52 265 2 387 2
C 58 2 3
B 3 251 1 418 3
B 129 116 2 11 0
B 773 358 1 89 3
B 116 469 3 65 3
B 62 182 0 738 0
B 416 329 2 61 2
B 510 104 0 110 3
B 743 757 3 256 0
B 154 347 2 332 1
B 339 720 0 358 2
B 560 781 2 219 1
B 227 44 1 374 3
B 123 784 2 397 3
B 180 607 0 446 0
B 310 100 0 121 2
B 631 543 2 795 0
C 15 0 2
B 813 743 0 68 1
B 742 552 3 207 0
B 482 16 0 230 2
B 36 170 2 742 1
B 531 674 2 161 1
C 84 2 3
B 559 562 3 60 3
B 198 79 1 122 0
B 786 27 3 183 2
B 839 587 3 500 1
B 394 663 0 363 2
B 62 746 3 248 2
C 34 2 2
B 479 254 3 496 1
B 21 162 1 74 3
B 104 294 1 539 1
B 211 143 3 834 1
B 50 769 0 471 3
B 168 176 2 407 0
B 72 236 3 347 2
C 213 3 1
B 551 192 3 605 3
B 182 457 3 808 3
B 707 378 3 223 0
B 399 781 1 676 2
B 435 165 3 728 3
B 166 406 1 846 1
B 24 790 1 534 3
C 468 3 0
B 269 485 1 446 2
B 256 445 1 531 2
B 773 175 2 331 2
B 554 89 0 190 3
B 85 132 2 685 1
B 227 528 1 498 3
B 704 556 3 813 0
B 317 818 3 819 1
B 449 559 3 637 0
B 191 475 2 584 3
B 243 99 1 773 3
B 815 468 2 621 1
C 284 2 0
B 599 25 1 655 1
B 463 259 2 494 0
B 807 582 3 767 0
B 626 282 3 117 0
B 831 436 0 536 3
B 691 67 3 717 3
B 342 611 2 507 1
B 713 607 2 497 1
B 711 394 0 746 1
B 289 350 2 105 3
B 66 546 0 301 0
B 197 269 0 593 2
C 106 2 1
B 674 304 1 655 1
C 51 0 0
C 476 3 1
B 385 687 0 338 0
C 186 3 1
B 676 404 3 13 3
C 846 0 2
B 206 157 3 71 0
B 606 410 3 89 1
B 363 553 3 201 3
B 274 750 0 580 2
B 711 275 1 577 1
B 711 473 1 224 1
B 514 630 1 791 2
C 319 0 1
B 55 414 0 194 2
C 696 0 3
B 282 574 1 184 0
B 753 554 0 63 1
B 191 420 1 622 3
B 762 299 0 483 3
B 688 145 3 54 0
B 37 407 0 555 2
B 111 415 3 465 3
B 125 805 2 534 1
B 77 279 3 17 1
B 525 159 2 702 2
C 697 0 3
B 182 754 2 117 1
B 257 471 0 428 2
B 732 732 3 399 1
B 396 286 2 385 2
B 726 696 1 247 0
B 730 560 0 46 2
B 432 805 0 40 2
B 172 528 3 672 3
B 110 588 3 426 1
C 207 1 3
B 167 519 0 470 3
B 256 398 0 500 0
B 251 259 3 273 3
B 378 405 1 589 0
B 537 737 3 825 3
B 211 558 3 171 3
B 395 27 2 655 2
B 681 133 1 121 2
B 679 747 0 101 3
B 562 631 2 160 0
B 773 563 0 821 3
B 147 762 2 246 1
B 175 647 0 308 1
B 62 85 0 608 2
B 393 700 2 244 2
B 107 503 2 496 2
B 332 524 3 314 1
B 735 2 3 437 1
B 212 521 3 41 3
B 712 144 2 554 0
B 306 646 1 244 3
B 517 552 0 484 1
B 736 235 2 122 1
B 271 285 0 45 1
B 462 479 2 494 0
B 427 779 3 457 0
B 603 12 3 756 3
B 416 351 1 174 2
B 199 542 0 9 1
B 286 613 1 64 3
B 506 234 1 387 2
B 208 131 0 820 3
C 296 1 0
B 275 689 2 674 1
B 625 36 2 37 3
B 815 209 0 774 2
B 828 55 2 480 0
C 422 3 0
B 740 178 2 506 2
B 71 635 1 478 1
B 107 12 1 555 0
B 755 794 2 448 3
B 222 784 1 506 2
B 549 607 0 737 1
C 146 1 0
B 744 390 3 39 0
B 132 215 0 540 0
B 515 221 2 675 3
B 578 42 3 703 2
B 101 767 0 688 3
B 701 753 2 48 0
B 749 578 3 364 2
B 809 187 0 681 1
B 95 398 1 688 0
C 503 1 1
B 70 641 1 449 0
C 508 3 2
B 527 474 0 34 2
B 744 718 2 177 1
B 706 692 2 780 3
B 823 615 1 603 3
B 429 423 3 784 2
B 566 765 3 166 2
B 762 656 1 539 0
B 697 285 3 135 0
B 410 388 0 213 1
C 731 2 2
B 157 591 1 466 1
C 243 3 0
B 636 515 2 500 1
C 36 0 2
B 811 752 0 765 3
B 47 670 1 822 1
B 330 510 2 106 1
C 716 2 1
B 308 446 3 28 0
B 769 314 3 442 0
B 530 488 2 738 2
B 745 684 1 438 2
B 30 448 1 610 2
C 552 0 1
B 165 442 3 743 0
B 338 331 3 597 1
B 470 252 1 430 0
B 301 247 3 744 2
B 570 835 1 262 1
B 80 513 2 767 0
B 753 732 2 366 3
B 540 806 3 340 2
C 752 2 2
B 565 264 3 500 1
B 406 238 2 268 3
B 153 504 2 496 0
B 345 84 2 218 0
B 403 465 3 638 1
B 77 171 3 316 2
B 74 801 1 118 0
B 469 822 0 342 0
B 164 613 0 415 3
B 838 322 3 116 3
B 846 452 1 520 0
B 360 739 2 217 3
B 331 630 3 128 1
B 26 289 1 666 1
B 58 828 1 55 3
B 541 637 0 807 3
B 238 495 0 23 0
B 324 5 2 786 1
B 355 119 0 736 3
B 85 405 0 835 1
B 466 411 3 587 3
B 436 441 0 278 0
B 355 554 0 711 0
B 453 816 1 633 1
B 10 162 3 777 2
B 311 206 0 359 2
B 494 262 2 209 2
B 178 264 2 414 3
C 459 2 2
B 328 376 0 61 0
C 778 2 1
B 569 302 3 687 1
B 703 99 3 36 3
B 815 776 2 250 1
C 25 1 3
B 735 532 3 378 1
B 466 155 3 404 0
B 823 672 1 194 3
B 633 194 0 327 1
B 136 100 1 423 1
B 160 436 0 544 2
B 84 359 1 620 3
B 806 87 1 193 3
B 133 721 3 292 0
B 235 57 2 723 1
B 763 574 0 410 2
B 118 801 3 772 2
B 386 220 0 356 0
B 588 536 2 473 2
C 458 3 2
B 172 467 2 684 2
B 344 368 2 6 2
B 548 821 1 563 0
B 507 634 0 392 2
C 821 1 1
B 436 108 0 490 2
B 647 729 2 150 1
B 584 512 3 549 0
B 645 311 1 339 1
B 383 622 1 298 1
B 707 658 0 678 0
B 86 573 2 438 3
B 501 728 2 496 3
B 332 392 1 80 1
B 735 316 0 662 0
B 498 237 3 472 1
C 429 3 0
B 691 602 0 410 0
B 51 17 1 780 0
B 825 615 2 528 3
B 510 196 1 242 3
C 139 0 3
B 69 2 2 90 1
B 389 760 2 806 2
C 747 0 3
C 341 0 3
C 579 1 1
B 677 847 1 780 0
B 701 0 2 74 0
B 17 821 1 554 2
C 544 1 2
B 436 273 3 58 3
C 844 3 0
B 762 91 0 324 2
C 599 2 0
B 290 673 1 530 3
B 61 730 2 1 0
B 149 363 0 384 1
B 825 741 2 773 2
B 218 629 0 290 2
B 310 328 2 423 1
B 91 497 3 639 3
B 124 499 0 295 3
B 313 370 3 475 1
B 835 130 2 486 3
B 45 341 0 18 2
B 322 353 3 1 0
B 92 99 3 782 1
B 137 234 2 202 0
B 228 783 1 258 3
B 637 396 2 618 3
C 724 2 2
B 289 643 1 824 3
B 168 455 3 645 3
B 395 7 2 366 1
B 526 522 2 279 2
B 360 600 0 475 2
B 731 263 3 528 3
B 790 321 0 147 3
B 254 611 2 560 2
B 640 703 3 218 3
B 275 192 1 271 1
B 600 556 2 139 0
B 189 389 3 707 0
B 192 431 0 160 3
B 248 64 3 539 2
B 522 29 3 209 3
B 107 12 2 450 0
B 687 442 1 73 2
B 483 382 1 572 1
B 174 272 0 122 2
B 341 50 1 669 0
B 737 553 1 231 0
B 112 50 1 220 0
B 161 238 1 160 0
B 803 320 1 477 0
B 50 376 0 441 1
B 98 436 1 185 3
B 318 373 3 369 0
B 740 819 3 687 3
B 297 498 2 77 2
C 604 3 3
B 392 266 0 180 2
B 742 748 3 704 0
B 338 96 2 319 3
B 24 783 2 328 1
B 198 221 2 692 3
B 797 57 0 681 0
B 440 591 1 603 1
C 7 2 1
B 536 364 3 375 1
B 357 431 2 263 3
B 32 451 0 621 3
B 461 568 1 52 0
B 253 250 0 691 2
B 354 825 0 285 0
B 619 128 0 729 2
B 786 460 1 845 3
B 556 389 0 427 0
B 161 554 1 393 0
B 688 377 2 189 0
B 79 714 3 107 1
B 44 827 3 176 3
B 706 310 2 96 0
B 791 309 0 113 3
B 443 66 1 745 1
B 118 433 1 844 3
B 739 91 2 533 3
B 278 439 1 210 3
B 46 10 1 46 0
B 412 291 2 679 3
B 803 127 1 154 0
B 244 341 2 818 1
B 309 569 2 35 2
B 187 315 2 504 2
B 617 286 3 692 0
C 619 3 0
B 740 196 1 393 1
B 789 141 3 164 0
C 289 0 3
B 7 646 2 573 0
B 324 72 3 373 1
B 745 60 0 449 1
B 648 63 3 245 2
B 829 339 1 558 2
B 56 787 2 169 0
B 108 829 2 777 1
B 737 590 2 816 1
B 808 605 0 611 1
B 344 246 2 102 1
B 95 424 2 818 0
B 59 454 0 204 3
B 704 675 3 402 0
B 594 505 2 499 1
B 30 669 3 215 2
B 789 807 2 226 2
B 125 136 1 760 2
B 746 224 0 617 2
B 546 185 1 306 1
B 500 513 1 257 2
B 15 692 2 512 1
B 75 20 0 72 1
B 160 698 3 596 3
C 727 0 1
C 767 3 2
B 695 308 1 337 2
C 273 0 2
C 842 2 3
B 224 93 0 629 3
B 672 102 0 96 0
B 383 212 3 411 3
B 130 163 2 137 3
B 431 196 1 787 3
B 546 7 0 409 0
B 581 765 1 333 3
B 361 334 3 464 2
B 722 761 2 245 1
B 440 827 3 94 2
B 357 431 2 375 3
B 306 659 0 254 1
C 13 0 0
B 134 283 3 797 2
B 407 763 2 617 3
B 336 72 0 59 1
B 331 379 2 668 3
B 754 118 0 33 2
B 238 798 0 374 1
B 815 255 2 585 1
B 245 362 2 284 0
C 491 0 0
B 445 819 1 731 1
B 190 221 1 595 2
C 152 3 1
B 753 764 2 513 3
B 374 296 1 187 1
C 210 1 0
B 143 753 3 115 2
B 150 607 0 776 0
C 272 1 3
B 193 817 1 598 2
B 305 55 1 237 2
B 723 232 1 200 1
B 417 79 2 217 3
B 385 551 3 661 0
B 587 211 1 356 1
B 350 444 2 688 2
B 349 741 2 533 3
B 777 800 1 352 1
B 41 78 1 427 0
B 273 148 3 600 0
B 733 198 0 180 0
B 435 741 1 398 1
B 511 601 1 244 1
B 432 816 1 134 2
B 17 410 2 415 0
B 584 433 0 300 1
B 655 528 3 496 0
B 715 372 1 219 1
B 26 347 0 807 3
C 429 2 3
C 100 0 1
B 81 695 1 343 2
C 205 3 1
B 533 702 2 661 1
B 315 575 3 124 3
B 335 779 2 298 0
B 822 197 3 588 2
B 834 589 1 307 2
B 407 218 2 523 2
C 172 3 3
B 336 579 3 735 2
B 727 187 1 532 3
B 724 257 1 117 0
B 512 410 0 505 2
B 747 28 0 2 1
B 725 275 3 731 1
B 102 417 0 129 2
B 376 641 0 557 3
B 411 692 0 425 1
B 466 204 3 726 3
B 672 802 1 133 3
B 509 203 1 625 3
B 464 280 3 754 1
C 295 0 2
B 176 615 2 758 2
B 368 92 3 821 1
B 205 745 1 840 0
B 832 504 1 780 3
B 670 204 2 202 2
C 397 2 0
B 520 651 0 530 2
C 44 1 0
B 287 413 3 46 2
B 458 723 2 517 0
B 731 846 3 496 0
C 278 2 2
C 813 3 3
B 627 657 3 127 1
C 513 2 2
C 369 1 1
C 236 2 3
B 139 748 1 498 3
B 552 73 3 236 1
B 616 739 2 548 0
B 535 404 1 476 1
B 100 445 2 266 2
C 614 1 0
B 385 795 1 35 2
B 580 298 2 464 2
B 22 400 2 372 3
C 569 1 0
B 656 72 3 74 3
C 115 0 0
B 563 623 0 23 0
B 80 299 3 261 0
C 416 2 2
B 283 748 0 780 2
C 766 3 3
B 350 846 3 260 3
B 794 624 0 304 0
B 397 355 1 245 0
B 488 385 3 635 0
B 785 677 0 125 0
B 590 224 2 475 0
B 325 163 0 302 0
B 563 14 3 520 2
B 728 606 2 279 0
B 342 751 3 791 1
B 610 379 3 229 2
B 399 742 2 391 0
B 408 546 2 358 1
B 520 69 1 755 1
B 630 486 1 528 3
C 840 2 0
C 814 0 1
B 575 653 1 532 2
B 514 792 3 104 3
B 652 619 3 631 0
C 681 0 3
B 599 669 2 517 2
B 162 181 2 304 1
B 678 135 3 277 3
B 834 554 3 790 1
B 572 124 1 325 3
B 630 342 3 470 0
C 251 3 3
B 606 75 0 787 3
B 468 492 1 621 2
B 489 800 0 657 2
B 396 772 0 345 1
B 450 67 3 776 1
B 830 492 1 513 0
C 803 0 1
B 147 11 0 835 3
B 443 293 3 693 0
B 218 179 1 339 0
B 38 476 1 530 1
B 548 258 1 705 0
B 163 470 3 201 1
B 455 671 2 660 1
B 396 625 1 334 3
B 403 480 2 764 0
C 199 3 0
B 710 473 3 708 2
B 220 615 3 89 2
B 117 121 2 63 0
B 385 703 2 836 1
C 380 0 1
C 439 3 1
B 603 686 0 569 2
B 751 646 1 823 3
C 587 0 2
B 763 238 1 805 2
B 294 752 0 763 1
B 28 444 2 54 3
B 422 531 2 627 2
B 706 395 2 597 2
B 96 681 2 179 3
B 823 698 3 371 0
B 821 256 3 225 3
B 659 425 2 628 1
B 525 35 3 157 3
B 612 47 3 696 3
B 468 383 2 578 1
B 550 426 3 752 2
B 225 643 1 337 2
B 826 664 1 18 2
C 538 0 1
B 785 663 0 679 0
B 656 371 3 417 2
B 192 357 3 516 0
B 93 690 0 438 1
B 801 487 2 550 0
C 739 2 3
B 760 639 1 69 2
B 314 45 2 623 1
B 274 453 3 470 0
B 41 719 0 355 2
B 798 550 1 114 0
B 705 641 2 670 0
C 555 1 1
B 540 276 3 291 1
B 332 100 2 259 3
C 738 3 0
B 469 284 0 230 2
B 350 587 1 518 0
B 67 111 1 633 0
B 290 572 3 617 1
B 672 581 3 495 0
B 503 727 3 362 2
B 717 433 0 615 3
B 752 333 1 401 3
C 674 0 0
B 682 832 3 550 3
B 137 347 0 225 1
B 655 183 3 829 3
B 131 690 1 722 0
B 741 361 3 825 3
B 541 536 0 487 2
C 803 2 1
B 516 396 1 562 0
B 403 719 1 604 2
B 629 602 0 694 2
B 527 763 0 592 2
B 632 231 2 578 0
B 77 325 1 93 2
B 652 255 2 271 3
B 18 398 1 122 1
B 477 357 1 81 0
B 775 352 2 357 1
B 378 130 0 484 2
B 59 431 1 321 2
C 265 2 3
B 386 843 1 648 2
B 621 799 2 54 0
B 418 73 3 700 3
B 847 226 0 663 3
B 810 352 0 163 3
B 386 377 3 262 3
B 431 818 2 130 1
B 689 310 3 131 1
B 15 336 2 48 0
B 96 156 0 333 3
B 624 144 2 797 3
B 666 522 3 748 1
B 102 443 0 547 0
B 645 421 1 388 0
C 391 0 1
B 31 91 1 733 1
B 291 24 3 501 0
B 545 470 3 178 3
B 226 366 1 550 3
B 240 410 1 364 0
B 443 190 0 197 1
C 584 3 3
B 431 273 3 772 0
B 238 552 2 726 0
B 592 316 2 103 0
B 174 829 1 463 1
B 458 812 1 188 0
B 505 790 1 645 2
C 475 0 3
B 233 424 1 250 0
B 229 222 3 545 2
B 4 275 1 8 0
B 828 338 1 101 0
B 570 211 1 758 3
B 780 566 2 426 0
B 288 465 1 228 2
B 462 128 1 308 3
B 476 771 0 545 0
B 437 277 2 529 0
B 754 281 0 99 1
C 842 0 3
B 354 72 2 841 2
B 753 188 2 699 0
B 226 614 2 671 2
C 485 2 1
B 152 628 1 39 2
B 298 500 2 256 2
B 162 756 1 101 1
B 810 374 2 588 3
B 339 219 2 816 1
B 573 226 0 823 1
B 745 698 0 415 1
C 766 0 1
B 40 580 2 287 0
B 635 373 0 669 1
B 478 535 2 122 0
B 783 55 0 220 0
B 669 708 2 781 3
B 498 276 2 191 0
B 746 177 0 475 3
B 292 165 2 266 1
B 732 841 3 221 0
B 801 239 3 608 1
B 504 362 0 614 2
B 409 286 1 40 2
B 834 253 0 5 2
B 670 308 3 584 2
B 283 566 1 766 1
B 639 127 0 773 0
B 220 681 0 811 2
C 646 3 2
B 420 476 1 433 3
B 645 659 1 664 3
B 570 769 2 598 2
B 318 638 1 750 1
B 313 363 1 563 0
B 467 814 2 620 1
B 359 711 2 802 2
B 270 154 1 227 3
B 657 324 3 707 1
B 19 623 1 843 0
B 137 502 0 598 1
C 719 0 1
C 254 3 3
C 808 0 3
B 585 538 3 153 2
B 598 14 1 658 0
B 331 346 0 83 3
B 769 185 3 785 2
B 361 264 0 113 0
B 537 644 1 181 0
C 141 0 1
B 120 783 0 661 3
B 462 10 1 118 0
B 654 292 3 28 3
B 187 468 0 817 2
B 435 789 1 155 0
B 165 340 1 199 2
B 147 390 0 841 2
B 712 730 3 644 3
B 607 782 0 116 2
C 136 1 3
B 150 325 1 536 0
C 47 2 3
B 706 179 0 375 2
B 498 678 1 678 0
C 33 1 1
B 747 82 1 407 0
B 432 215 3 497 0
B 85 729 0 256 3
B 381 144 0 165 0
B 768 232 2 310 3
C 144 3 2
B 559 64 3 218 0
B 455 450 3 441 2
C 664 2 0
B 120 737 0 596 2
B 726 268 0 787 1
C 825 2 3
B 227 174 3 325 1
B 135 780 0 786 3
B 211 314 0 683 1
B 701 14 3 349 0
B 33 399 3 160 1
B 225 237 1 198 1
B 669 320 0 714 3
B 376 290 0 390 0
C 298 0 1
B 768 688 2 113 1
C 178 1 3
B 748 777 3 760 1
B 431 283 1 574 3
C 571 1 2
B 522 381 2 29 0
B 123 337 2 2 2
B 366 203 2 815 3
C 294 0 3
B 352 798 0 211 3
B 170 474 0 595 0
B 795 128 1 234 1
B 594 549 0 560 1
B 207 563 1 753 3
B 481 461 3 631 3
B 657 616 2 223 1
B 249 713 2 328 2
B 516 536 2 231 3
B 580 446 1 173 0
B 698 432 2 95 0
C 171 2 1
B 124 373 3 272 0
B 590 478 1 657 2
B 220 282 3 58 0
B 48 754 2 185 0
B 720 161 3 820 1
B 64 496 1 403 0
B 613 754 2 471 0
B 464 707 3 203 0
B 378 12 1 693 1
B 642 477 1 384 1
B 387 3 3 523 1
B 476 302 2 405 1
B 162 664 0 131 0
C 748 0 3
B 78 731 3 346 2
B 534 485 0 161 2
B 587 228 1 714 1
B 353 444 3 784 2
C 142 2 2
B 760 426 3 196 0
C 67 3 3
B 607 572 1 768 0
C 167 1 0
B 68 329 2 777 1
B 284 445 1 496 3
B 138 38 2 327 0
B 660 212 3 249 3
B 305 189 2 138 2
B 413 430 2 240 1
B 596 276 2 263 3
B 840 550 2 622 1
B 267 532 0 779 0
B 210 331 2 578 1
B 230 497 2 710 1
C 147 3 3
B 203 689 3 379 1
B 843 55 1 291 1
B 299 241 1 126 0
B 459 125 3 65 0
C 589 0 1
C 787 2 0
B 47 781 3 810 0
C 459 1 0
B 218 696 1 560 2
C 568 2 1
B 202 192 0 687 1
C 463 0 0
C 140 0 1
C 322 0 1
B 743 786 2 384 2
B 794 523 2 188 2
B 315 494 2 181 0
B 264 320 3 81 3
B 32 753 3 508 2
B 524 278 0 787 1
B 200 716 3 810 1
C 599 2 1
B 678 357 3 455 0
C 182 1 0
B 283 3 3 587 0
B 794 619 2 798 1
B 272 799 0 330 1
B 513 394 2 117 0
C 804 2 2
C 676 3 0
B 479 285 0 737 3
C 744 1 2
B 782 143 2 197 0
B 472 441 2 668 3
B 81 837 0 638 1
C 646 1 3
B 517 390 0 63 0
B 123 495 0 664 0
B 245 14 2 586 3
B 56 603 3 657 3
B 651 156 0 506 0
B 489 332 0 107 3
B 498 471 3 590 1
B 113 806 1 203 3
B 43 664 1 830 0
B 504 821 2 424 1
B 688 837 2 154 0
B 211 712 2 215 2
C 834 0 2
C 417 3 3
B 755 578 0 36 3
C 668 2 1
B 489 349 1 289 1
B 260 468 3 524 2
B 634 533 0 97 0
B 651 767 1 312 2
C 687 0 3
B 401 808 0 583 3
B 271 326 2 349 2
B 404 423 3 666 1
B 143 683 2 107 1
B 581 251 3 305 3
B 353 604 2 337 0
B 837 11 1 481 0
B 18 446 3 553 3
B 127 498 1 706 2
B 798 745 1 101 1
B 215 723 3 129 3
B 810 652 0 501 3
B 38 64 3 733 0
B 497 649 1 642 1
B 575 73 3 292 0
B 463 640 2 416 1
B 543 426 0 137 3
B 763 10 3 183 3
B 557 207 0 545 2
B 436 331 0 328 3
C 307 0 1
C 615 3 0
B 638 184 2 177 2
B 89 547 1 688 0
B 842 172 1 40 3
B 523 517 1 755 3
B 592 193 3 624 1
B 440 684 0 832 1
B 514 412 1 222 2
B 259 313 2 432 1
B 753 525 3 288 2
B 555 96 1 484 1
B 152 245 1 400 0
C 704 0 0
B 652 728 2 647 2
B 352 495 1 163 1
B 85 365 3 126 1
B 701 73 2 216 3
B 218 712 1 579 0
B 113 486 2 721 1
B 737 699 2 64 2
B 405 624 2 268 2
B 788 117 0 655 0
B 772 391 3 842 1
B 244 733 2 601 3
B 605 87 2 95 0
B 750 393 2 248 1
B 43 161 2 423 0
C 748 0 2
B 268 101 2 133 2
B 0 456 3 28 3
B 668 761 2 717 1
B 671 54 3 457 1
C 694 0 3
B 825 52 2 492 2
B 684 574 0 115 2
B 753 527 2 196 0
B 715 238 2 350 0
B 775 450 2 45 0
B 127 198 2 168 1
B 500 560 0 463 2
B 422 261 2 124 1
C 429 0 2
B 522 271 1 556 0
C 710 3 1
B 104 353 3 724 0
B 630 839 0 396 2
B 360 250 1 219 2
C 357 1 1
B 5 672 3 670 2
B 369 244 0 662 3
B 733 434 1 655 3
