927 2 1000 818
89 1 0
387 0 0
218 0 0
21 0 0
664 1 0
810 0 0
263 1 0
521 0 0
120 1 0
862 0 1
72 0 0
905 0 1
386 0 1
58 0 0
443 0 0
90 1 1
908 0 0
6 0 0
849 0 1
108 0 1
247 0 1
250 1 0
875 1 1
292 1 1
181 1 1
66 0 0
317 1 0
784 1 0
596 0 1
463 1 0
771 1 0
245 1 1
733 1 0
797 1 1
434 1 1
347 1 1
654 0 1
610 1 0
885 0 1
256 1 0
128 1 1
650 0 1
144 1 1
794 1 1
370 0 0
31 1 0
41 1 1
630 1 1
276 1 0
692 0 1
167 1 1
529 1 1
889 0 1
252 0 1
471 0 1
857 0 1
142 1 1
190 0 0
647 1 1
735 1 1
169 1 0
294 1 1
590 0 1
551 1 0
668 1 0
603 1 0
613 1 0
742 1 0
623 1 0
505 1 1
878 0 1
426 0 1
637 0 1
581 0 1
735 0 1
800 1 1
71 0 0
320 0 1
777 0 0
448 0 1
528 1 0
559 1 1
804 1 1
597 0 1
151 0 1
467 1 1
761 1 1
229 1 0
230 0 0
135 1 0
118 1 1
555 1 1
712 1 0
291 0 1
922 0 0
817 1 1
813 0 0
320 0 0
482 0 1
272 0 1
120 1 1
275 1 0
127 1 0
414 1 0
574 1 1
563 1 1
821 0 0
669 1 0
30 0 0
218 0 1
916 1 0
520 0 1
744 1 1
270 1 1
612 1 0
407 1 1
1 1 1
93 0 1
682 1 1
429 1 1
621 0 1
632 1 1
177 1 1
870 1 1
539 0 0
305 1 1
455 1 0
138 1 0
543 0 1
151 1 1
140 1 1
270 1 0
3 1 1
321 0 0
615 1 1
180 1 0
870 0 0
108 0 0
363 1 0
766 1 0
21 1 1
454 0 0
828 1 1
805 1 1
165 1 0
390 1 1
193 0 0
737 1 0
723 0 0
803 1 0
24 1 1
191 1 0
100 1 1
203 1 0
374 1 0
373 0 1
855 1 1
626 1 1
699 0 1
887 0 0
706 0 0
887 0 1
513 1 0
556 1 1
843 1 0
45 1 1
719 1 0
759 0 0
778 0 0
599 0 0
648 0 0
176 1 0
462 1 1
415 0 0
603 0 1
254 1 1
90 1 0
427 0 0
802 0 0
313 0 1
606 0 0
789 1 1
803 1 1
562 1 0
260 1 1
103 1 0
366 0 0
851 0 0
14 0 1
264 1 1
755 0 1
248 0 1
532 0 0
398 0 1
206 1 0
337 0 0
19 1 1
208 0 1
0 1 0
665 0 1
814 0 1
648 1 1
58 1 0
241 0 1
879 0 0
577 0 0
326 0 1
632 0 1
24 1 0
558 1 1
571 0 1
554 1 0
162 1 0
273 1 0
219 0 0
292 1 0
340 1 0
677 1 0
922 0 1
184 0 0
825 0 0
498 0 1
739 0 0
214 0 1
766 0 0
244 0 1
879 1 0
580 1 1
771 1 1
0 0 0
117 0 0
557 0 0
134 1 1
465 1 0
272 1 0
851 0 1
212 0 0
818 1 1
546 0 1
829 1 0
269 0 0
923 1 1
309 1 1
490 0 1
281 1 0
307 0 0
821 1 1
239 1 0
531 0 1
922 1 0
616 0 0
342 0 1
68 0 0
41 0 1
542 1 0
578 0 1
527 0 1
889 1 0
573 0 0
163 0 0
813 0 1
370 0 1
91 1 1
819 0 1
714 1 0
592 0 0
268 0 1
879 1 1
87 0 1
901 1 1
258 0 1
312 0 0
624 1 1
698 0 1
898 1 0
716 0 0
696 1 1
830 1 0
536 0 1
836 1 0
477 1 0
558 0 0
830 0 1
525 1 1
215 0 0
66 1 0
911 0 1
473 1 0
631 0 0
786 1 0
842 1 1
505 0 1
178 0 0
68 1 0
505 1 0
31 0 1
796 0 0
524 1 1
622 1 0
238 1 1
801 0 0
845 0 0
758 1 1
695 1 1
547 1 1
240 1 0
481 1 1
586 1 0
236 0 1
201 1 0
447 0 1
395 1 1
61 1 1
605 0 1
385 1 0
272 1 1
97 0 0
666 0 1
16 1 0
154 0 1
732 0 0
619 1 1
395 1 0
881 1 1
85 1 1
867 1 1
472 0 0
497 0 1
521 0 1
864 0 1
841 0 0
237 1 0
661 1 1
535 1 1
788 1 1
571 1 0
897 1 0
866 0 1
874 0 0
345 1 0
179 1 1
372 1 0
684 0 1
595 0 0
489 1 0
84 1 0
675 1 1
339 1 0
449 0 1
298 0 1
721 0 0
902 1 1
404 0 1
512 0 0
766 1 1
589 1 0
393 0 1
165 0 0
751 0 1
189 1 0
491 1 1
627 1 0
621 0 0
772 1 0
791 0 0
692 1 0
361 0 0
728 1 1
680 0 0
633 0 1
327 0 0
144 0 1
96 1 0
676 1 0
649 0 1
196 1 1
924 0 0
158 1 0
231 0 1
478 1 1
5 1 0
793 1 1
139 1 0
48 0 1
780 1 1
782 1 1
654 1 0
280 1 1
225 0 0
850 0 0
629 1 1
136 0 1
29 0 0
565 0 0
691 0 0
926 1 0
911 1 0
657 1 1
700 0 0
602 0 1
685 0 0
601 0 0
766 0 1
129 1 0
11 1 1
892 1 1
397 1 1
133 1 1
881 0 1
482 0 0
504 1 1
111 0 1
183 1 1
407 0 0
22 0 1
49 1 0
737 0 0
366 0 1
181 0 0
246 0 1
35 0 0
594 1 0
92 0 0
787 0 0
190 1 0
728 1 0
857 0 0
294 1 0
440 0 1
327 1 0
74 0 1
760 1 0
418 0 0
773 1 0
139 1 1
439 1 1
264 0 1
176 0 0
835 1 0
120 0 0
802 0 1
377 0 1
354 1 1
442 1 1
237 0 1
472 1 0
131 0 0
202 0 1
102 1 0
278 1 0
619 1 0
225 1 1
762 0 0
110 0 0
658 1 1
828 0 0
750 0 1
724 0 1
634 1 0
538 1 0
64 0 1
84 1 1
245 1 0
541 0 0
633 1 1
623 0 1
138 0 1
480 1 0
101 0 0
235 1 1
703 0 0
846 0 0
619 0 0
47 1 0
827 0 1
590 1 0
221 0 1
923 0 0
243 1 0
190 0 1
905 0 0
14 0 0
611 1 1
671 0 0
386 1 1
835 0 0
302 1 1
270 0 1
552 1 0
852 1 0
59 1 0
602 0 0
250 1 1
389 1 1
543 1 1
119 0 1
808 1 0
316 0 0
900 0 1
408 1 0
162 0 1
400 1 1
446 0 1
397 0 1
406 0 0
408 0 0
157 0 0
573 1 0
851 1 0
113 0 1
508 0 0
602 1 0
402 1 1
96 0 0
697 0 1
651 1 1
915 0 1
907 1 1
526 0 0
103 1 1
310 1 1
888 0 0
631 1 0
470 1 1
145 0 0
381 0 0
382 1 0
536 0 0
210 0 0
271 1 1
779 1 1
389 1 0
425 1 0
214 1 0
799 1 0
292 0 1
616 0 1
483 1 1
820 1 1
921 1 0
742 1 1
10 1 1
825 1 0
299 0 0
882 0 0
147 0 1
295 1 0
174 0 1
283 1 0
651 0 1
345 1 1
266 1 1
682 0 1
728 0 1
312 1 0
308 0 1
367 1 0
75 0 1
835 1 1
735 0 0
258 1 1
374 0 1
409 1 0
309 0 0
910 0 0
477 0 1
266 0 0
899 0 1
459 1 1
873 0 0
109 1 0
400 0 1
184 1 0
880 1 0
842 0 1
125 1 1
436 0 0
905 1 0
530 1 0
872 1 1
475 1 0
863 0 1
779 0 1
566 0 1
790 1 1
24 0 0
659 0 1
72 1 1
861 1 1
283 0 1
896 1 1
700 1 0
380 0 0
32 0 0
517 0 1
488 0 0
304 1 0
758 0 1
23 0 0
56 0 1
624 0 1
241 1 0
660 1 0
185 0 0
211 1 1
248 0 0
289 1 0
43 0 0
263 0 0
885 0 0
16 0 1
476 1 1
392 1 0
148 1 0
644 0 0
807 0 0
755 0 0
333 1 0
818 0 0
92 1 0
168 1 0
101 0 1
291 1 1
895 0 0
664 0 0
62 0 1
682 0 0
56 1 1
117 0 1
208 1 0
145 1 0
176 1 1
213 0 1
872 0 0
587 1 1
403 0 0
872 1 0
618 1 0
241 0 0
821 1 0
829 0 1
261 0 0
423 1 1
135 1 1
617 1 1
501 0 0
401 1 0
113 0 0
586 0 1
595 0 1
864 1 1
78 1 0
645 1 1
915 0 0
743 0 0
428 0 0
31 1 1
151 0 0
876 1 0
550 0 1
840 1 1
626 1 0
293 0 0
649 0 0
461 0 0
192 1 0
495 0 1
873 1 1
800 0 0
324 1 0
548 1 0
318 1 0
807 1 1
326 1 0
161 0 0
658 0 0
861 0 1
301 1 0
236 1 0
11 0 1
681 0 1
121 1 0
586 0 0
42 0 1
60 0 0
339 0 0
858 1 0
198 1 0
46 0 0
303 1 0
218 1 0
509 1 0
827 1 1
180 0 0
194 1 1
697 0 0
353 0 1
269 0 1
18 1 0
577 1 1
572 1 0
104 0 0
360 0 0
102 0 0
882 1 0
778 1 0
217 1 0
303 0 0
223 0 0
256 1 1
534 1 1
288 0 1
529 1 0
143 1 1
312 1 1
108 1 0
315 0 0
358 0 1
806 1 0
891 0 0
367 0 1
772 0 0
531 0 0
811 1 1
659 1 0
420 0 1
506 0 1
919 1 0
73 0 0
578 0 0
492 1 1
387 1 0
217 0 0
903 1 0
453 0 0
496 0 0
746 1 1
813 1 0
829 0 0
585 0 1
377 1 1
482 1 0
656 0 0
742 0 0
374 1 1
283 1 1
139 0 1
595 1 1
723 1 1
743 0 1
891 1 0
563 1 0
720 0 0
698 1 0
74 1 0
910 1 1
547 0 1
792 1 0
634 0 1
144 0 0
553 1 1
643 0 1
360 1 1
219 0 1
222 1 1
44 0 0
636 1 1
725 1 0
195 1 1
720 1 0
877 0 0
835 0 1
429 0 0
863 1 1
417 0 0
252 0 0
105 1 0
475 0 0
643 1 0
881 1 0
383 1 1
421 0 1
594 0 1
230 0 1
164 0 0
357 1 0
517 0 0
166 1 1
763 0 0
132 0 1
484 1 0
638 1 1
352 0 0
113 1 1
563 0 1
838 1 0
665 1 1
153 1 0
451 1 0
80 0 1
560 0 0
604 1 0
713 1 1
171 1 0
532 1 1
418 1 1
418 0 1
473 1 1
61 1 0
647 0 1
896 1 0
531 1 0
488 1 0
795 0 0
799 1 1
465 0 1
676 0 0
25 1 0
152 0 0
370 1 0
605 0 0
108 1 1
276 0 0
379 0 1
819 1 0
26 1 1
742 0 1
708 0 0
568 0 1
64 0 0
684 0 0
439 0 0
114 0 0
917 1 1
193 1 0
481 0 0
85 0 1
767 1 0
522 0 1
661 0 1
451 0 1
670 1 1
749 0 0
792 0 0
407 1 0
106 0 0
399 0 0
865 1 1
35 1 1
629 1 0
571 0 0
634 0 0
625 0 1
890 0 0
309 0 1
152 1 1
315 1 0
30 1 1
554 0 1
486 0 1
810 1 0
430 1 1
133 0 0
431 0 0
593 0 1
537 1 0
117 1 1
644 1 1
511 0 0
268 1 1
392 0 1
385 1 1
920 0 0
564 0 1
701 1 1
279 0 0
599 0 1
650 1 0
847 1 0
232 0 0
449 0 0
562 1 1
704 1 1
598 0 1
107 0 0
555 0 1
540 0 0
583 1 1
365 1 0
274 0 1
166 0 0
722 1 1
624 1 0
375 0 1
752 0 1
594 0 0
246 0 0
702 1 0
118 1 0
36 1 0
116 0 1
913 0 0
663 0 1
620 1 1
141 0 0
60 0 1
137 1 1
211 0 1
630 0 1
342 1 1
909 0 1
771 0 1
806 1 1
796 0 1
274 1 0
213 1 1
280 0 1
390 1 0
128 0 0
194 0 1
173 1 1
666 1 1
169 1 1
188 1 0
211 0 0
402 0 0
863 1 0
131 1 0
912 0 0
393 1 0
234 0 1
470 0 1
430 1 0
177 0 1
902 0 0
222 0 1
140 0 1
839 1 0
36 0 0
311 1 1
245 0 0
147 1 1
198 0 1
195 0 0
646 1 1
488 0 1
824 0 1
802 1 1
679 0 0
279 1 1
88 0 1
248 1 0
823 1 1
409 0 1
651 1 0
307 1 0
734 0 1
757 0 0
40 1 0
253 0 0
199 1 0
74 1 1
388 0 1
51 0 1
869 1 0
607 1 1
381 0 1
126 0 1
764 1 1
419 0 0
311 1 0
721 1 0
915 1 0
302 0 1
378 1 0
348 1 0
610 0 1
423 1 0
276 1 1
124 0 1
241 1 1
142 0 1
166 0 1
846 1 1
299 1 1
801 1 0
162 0 0
538 1 1
81 0 1
134 1 0
844 0 0
820 0 1
172 0 1
852 0 1
396 1 0
207 1 0
414 1 1
319 0 0
900 1 1
475 1 1
B 319 177 1 78 1
B 485 391 0 605 1
B 871 612 1 680 0
B 492 358 1 881 0
B 852 258 1 594 0
B 617 233 1 705 0
B 829 626 0 680 0
B 481 643 1 638 0
B 459 79 1 398 1
B 196 535 0 560 1
B 441 529 0 653 0
B 525 208 1 347 0
B 457 671 1 628 1
B 833 557 1 859 0
B 52 671 0 836 1
B 658 665 0 708 0
B 632 56 1 718 1
B 391 346 1 285 0
B 444 202 1 318 0
B 504 384 1 878 1
C 912 1 1
C 885 1 0
B 597 70 1 177 1
B 176 733 1 805 0
B 708 418 0 575 0
B 793 567 0 745 1
B 887 806 0 517 0
C 540 0 0
B 158 589 1 495 0
B 900 631 1 422 1
B 921 889 1 257 1
C 233 0 0
B 474 918 1 289 0
B 200 736 0 290 1
B 861 271 0 302 1
C 346 1 1
B 480 660 0 374 0
B 751 741 0 134 0
B 102 449 0 799 1
B 220 909 0 898 0
B 732 294 1 229 1
B 577 707 0 113 0
B 266 837 0 118 1
B 908 54 0 72 0
C 691 1 0
B 395 267 0 101 1
B 202 398 1 212 0
B 876 49 0 248 1
B 287 12 0 572 0
C 492 1 0
C 239 1 0
B 175 471 1 534 1
B 796 865 0 811 1
B 376 417 1 202 1
C 269 0 1
B 202 241 0 541 1
B 465 115 0 683 1
B 206 156 1 604 0
B 777 250 1 425 0
B 830 383 1 190 0
C 289 1 0
B 51 504 0 490 0
B 92 39 0 384 0
B 353 202 1 174 0
C 90 1 1
B 437 627 1 687 1
B 850 581 0 22 1
C 200 1 1
B 467 521 1 338 1
B 788 60 0 724 1
B 25 441 1 789 1
B 716 186 0 917 1
B 756 449 0 45 0
B 911 878 1 804 1
B 379 529 1 684 0
B 778 37 1 70 0
B 425 737 1 589 1
B 156 612 1 31 0
B 116 126 0 880 1
B 251 453 0 232 1
B 826 60 0 498 1
B 43 529 0 604 0
B 207 293 1 390 1
C 225 1 1
B 233 81 1 432 0
B 67 749 1 621 1
B 596 155 0 696 0
B 3 408 0 641 0
B 19 612 0 133 0
B 523 333 0 849 0
B 866 669 1 393 0
B 346 395 1 0 0
B 689 879 0 322 1
B 612 192 0 645 1
B 127 57 1 841 0
B 924 146 0 121 1
B 819 498 1 335 1
B 51 649 1 262 1
B 223 396 0 816 0
B 418 727 0 392 0
B 526 681 0 165 0
B 490 694 1 250 0
C 397 0 0
B 921 288 1 739 1
B 567 486 0 474 0
B 216 912 0 643 1
B 170 224 0 715 1
C 49 0 0
C 192 1 0
B 902 319 1 258 1
B 490 427 1 599 0
B 823 285 1 784 0
C 67 0 1
B 65 353 1 847 1
B 885 642 1 124 1
B 193 803 0 589 0
B 544 172 1 356 0
B 320 93 0 198 1
C 891 0 0
C 540 0 0
B 227 554 0 740 0
B 677 99 1 751 1
C 240 0 0
B 575 122 0 404 1
B 124 318 1 402 1
B 759 387 0 344 1
C 165 0 1
B 706 907 0 150 0
B 789 272 1 812 0
B 162 515 0 382 0
B 529 632 1 186 0
B 201 559 0 434 0
B 577 568 0 116 0
B 79 814 0 227 0
B 318 363 1 571 1
B 168 583 0 233 1
C 41 0 0
B 562 782 0 482 1
B 239 847 0 484 1
B 618 116 1 541 1
B 770 296 1 220 1
B 648 237 1 262 0
B 79 518 0 70 0
B 265 569 1 920 1
B 759 440 0 93 0
B 408 80 1 186 0
B 179 480 1 901 0
B 224 599 1 814 1
B 292 130 1 608 0
B 622 716 0 12 0
B 189 368 1 788 1
B 472 371 0 652 0
B 535 367 0 543 0
B 156 748 1 475 0
B 395 886 1 623 0
B 484 655 0 19 1
B 763 355 0 147 0
B 454 714 1 127 0
C 116 0 1
C 893 1 1
B 691 621 0 196 1
B 420 56 0 21 0
B 56 692 1 203 1
B 831 398 0 102 1
B 482 70 0 189 0
B 276 539 1 237 0
C 180 1 1
C 439 0 0
B 479 22 0 645 1
B 570 831 1 424 1
C 345 1 1
B 821 394 0 719 1
B 136 59 0 621 0
B 408 745 0 863 1
C 811 0 0
B 644 880 0 849 0
B 180 14 0 211 0
C 8 0 1
C 838 1 0
B 247 59 1 819 1
B 893 660 0 660 0
B 416 754 0 407 0
B 814 478 0 804 0
B 151 311 0 293 1
B 798 325 0 521 1
B 702 363 0 209 1
C 154 0 1
B 685 319 1 775 1
B 354 883 1 223 1
B 366 663 0 436 1
C 588 0 0
B 63 115 0 349 1
B 731 217 0 476 0
B 885 369 0 364 0
B 817 893 0 793 1
B 277 111 0 505 1
B 823 711 1 7 1
B 241 909 1 197 0
B 130 642 0 653 1
B 344 54 0 437 0
B 367 758 1 97 1
B 32 889 1 619 0
B 383 301 1 652 0
B 152 702 0 182 0
B 902 621 0 663 1
B 353 508 0 172 0
B 277 155 0 218 0
B 79 754 1 525 1
B 699 614 1 86 1
B 913 238 1 442 1
B 755 578 0 441 1
B 759 767 1 575 0
C 56 1 1
B 821 219 1 340 0
C 803 1 0
B 813 472 1 890 0
B 485 682 0 179 1
B 707 682 0 884 0
B 478 722 1 573 1
B 121 556 0 34 1
B 79 853 1 375 0
B 228 70 1 237 0
B 799 177 1 55 0
B 721 376 0 427 0
B 401 503 0 505 1
B 527 316 1 143 1
B 688 845 1 795 0
B 602 882 0 492 1
B 833 699 1 783 0
B 413 228 1 895 1
B 339 384 0 805 0
B 136 123 1 230 1
B 176 491 0 926 0
B 644 82 0 395 0
B 811 54 1 843 1
B 587 140 1 753 1
B 156 576 1 338 1
B 688 812 1 822 1
B 198 323 0 263 0
B 731 472 1 513 0
B 314 242 0 804 1
B 888 138 1 462 0
B 99 18 0 536 0
C 841 1 1
B 477 362 1 13 1
B 644 69 1 442 1
B 32 335 0 671 1
B 129 303 1 461 1
C 765 1 0
B 387 871 0 294 0
C 739 0 0
B 325 48 0 453 1
B 838 106 0 164 1
B 246 878 1 447 0
B 252 517 0 249 1
B 543 35 0 649 1
B 380 171 0 315 0
C 391 1 1
B 900 32 1 57 1
B 408 128 1 181 1
B 507 909 0 83 1
B 409 103 0 535 0
B 384 532 1 271 0
B 376 750 0 607 0
C 699 0 0
B 488 596 1 305 0
C 354 1 0
B 524 713 0 222 0
B 777 231 0 105 0
B 697 911 1 692 0
B 746 428 1 788 1
C 827 1 0
B 602 393 1 458 1
B 333 317 1 425 0
B 351 254 1 796 0
B 842 563 0 606 0
C 430 0 1
B 726 408 0 164 1
B 118 195 1 401 0
B 832 135 0 239 0
B 839 649 0 812 0
B 192 102 0 543 0
B 774 814 0 854 0
B 602 860 0 799 0
B 761 227 1 667 1
B 619 333 1 75 0
B 317 536 1 163 1
B 545 775 0 121 1
B 58 43 1 402 1
B 259 875 1 670 1
B 407 515 1 685 1
B 186 881 1 128 0
B 637 265 0 32 0
B 437 580 1 246 1
B 416 804 1 149 1
B 699 594 0 351 0
B 846 510 0 11 1
B 785 506 0 129 1
B 836 571 0 442 0
B 223 654 0 874 0
C 171 1 0
B 520 591 1 160 0
B 239 610 1 451 0
B 376 395 0 395 0
B 345 805 0 634 0
B 732 180 0 466 0
B 139 812 1 521 0
B 365 326 1 892 0
B 39 478 1 498 0
B 621 660 0 419 1
B 299 585 1 220 0
B 907 632 0 546 0
B 694 921 0 746 0
C 894 0 0
B 458 916 1 854 1
B 287 398 1 284 0
B 19 893 0 16 0
B 249 601 1 61 0
B 352 275 0 765 1
B 442 776 1 18 0
B 21 92 1 508 1
B 131 78 0 191 0
B 130 483 1 554 1
B 13 842 1 609 1
C 449 0 1
B 204 239 0 475 0
C 690 1 1
B 738 54 0 437 0
B 391 881 1 915 0
B 263 804 0 768 0
B 464 862 0 141 0
C 292 0 0
B 148 468 0 365 0
B 827 654 0 5 0
B 672 361 1 168 1
B 917 339 1 474 1
B 496 814 0 556 0
B 126 356 0 381 0
B 646 241 1 674 1
C 608 0 1
C 876 1 0
B 383 680 0 184 0
B 22 754 0 490 1
B 645 546 1 6 0
B 528 280 0 472 0
B 362 659 0 243 1
B 840 615 0 844 1
B 472 605 1 95 0
C 15 0 0
B 335 677 0 29 1
B 826 691 0 45 0
B 729 744 0 378 1
B 201 275 0 588 1
B 565 525 1 506 1
B 120 166 1 88 0
B 168 454 1 543 0
B 508 355 0 289 0
B 243 786 1 256 1
B 248 46 0 708 1
B 80 155 0 720 1
B 259 636 1 812 1
B 718 325 0 587 1
B 667 843 0 393 1
C 16 0 0
C 542 1 0
B 667 436 0 141 0
B 669 515 0 647 1
C 496 1 1
B 63 883 0 697 1
B 720 236 0 253 1
B 148 122 1 714 1
B 632 498 1 710 1
B 693 320 1 452 0
B 556 451 0 113 0
B 707 766 0 266 0
C 61 1 1
B 923 909 0 76 1
B 463 438 0 817 0
B 636 688 1 737 0
C 759 0 0
B 196 238 0 693 1
B 168 411 1 152 1
B 862 698 1 573 0
B 401 380 1 656 1
B 412 1 0 415 1
B 264 822 1 55 0
B 220 839 1 672 1
B 782 678 0 339 0
B 330 795 1 813 0
B 479 202 0 826 0
B 599 359 0 101 0
B 852 613 1 552 1
B 749 926 0 172 0
B 898 198 1 571 1
B 467 173 0 294 0
B 920 490 0 94 1
B 408 524 0 639 0
B 10 20 1 884 1
B 721 731 1 19 0
B 470 729 0 493 1
B 400 363 1 806 0
B 115 16 1 141 1
B 745 65 1 831 0
C 69 0 0
B 563 443 0 789 1
C 757 0 0
C 362 0 0
B 768 349 1 777 1
B 921 621 1 807 0
B 368 525 1 494 1
B 327 335 0 199 1
B 825 518 0 539 0
B 455 4 0 748 1
C 701 0 0
B 797 12 1 398 1
B 479 375 0 719 0
B 756 659 1 287 1
B 642 891 1 462 1
B 751 568 0 430 1
C 165 0 1
B 802 888 0 108 0
B 353 390 0 690 0
B 564 160 1 637 0
B 842 200 0 728 0
B 753 254 1 544 0
C 852 0 1
B 597 668 1 914 0
B 89 827 0 72 1
C 876 0 1
B 667 174 0 133 1
B 920 75 1 697 1
B 775 902 0 589 1
B 836 25 0 77 1
B 273 662 0 766 1
B 282 267 1 117 1
B 48 573 1 650 0
B 917 220 0 363 1
B 294 596 1 353 0
B 884 309 0 414 0
B 311 894 0 23 0
B 645 881 1 409 0
B 579 534 0 481 0
B 632 224 1 368 0
B 473 543 0 240 1
B 355 866 1 856 0
B 842 757 1 748 1
B 675 610 1 185 0
B 893 687 1 570 0
B 513 784 0 475 1
B 619 376 0 526 1
B 435 726 0 192 0
B 389 867 0 727 1
B 506 345 0 789 1
B 734 38 1 257 1
B 654 180 0 347 1
C 585 0 0
B 910 14 0 35 0
B 463 889 1 450 0
C 650 1 0
B 341 630 1 325 0
B 327 84 1 592 0
B 556 44 0 409 1
B 324 620 1 237 0
B 344 837 1 145 0
C 358 0 0
B 687 300 0 704 0
B 823 329 1 917 1
B 520 557 1 612 0
C 46 1 0
B 248 595 0 628 1
B 628 596 0 335 1
B 914 416 1 144 0
B 445 552 0 93 1
B 618 421 0 729 0
C 263 1 0
B 735 434 1 500 1
B 816 695 1 399 0
B 242 491 1 397 0
C 252 0 1
B 58 864 0 632 0
B 2 839 0 75 1
B 512 726 0 405 1
B 15 643 1 915 1
B 418 482 1 128 1
B 639 515 1 307 0
B 434 396 1 287 1
B 214 863 1 184 1
B 349 202 1 42 0
C 274 0 0
B 722 375 1 653 1
B 546 761 1 206 0
C 451 0 0
B 693 198 0 113 0
B 892 769 1 642 1
B 47 715 0 62 0
B 768 198 1 73 0
B 697 145 1 734 1
B 316 512 1 536 1
B 107 503 0 516 0
B 405 876 1 60 1
B 569 841 0 776 0
B 900 273 1 671 0
B 240 143 0 591 0
B 357 729 1 691 0
B 156 742 0 310 1
B 836 727 1 102 0
B 818 799 1 729 0
B 296 758 0 552 1
B 588 527 0 75 1
B 652 800 0 680 1
B 772 515 1 250 1
B 555 567 0 379 0
B 140 601 1 406 0
B 694 632 1 787 1
B 225 261 1 394 1
B 531 762 0 552 1
B 776 92 1 923 0
C 729 0 1
B 678 787 0 828 0
C 475 1 0
B 343 19 0 615 0
B 665 593 0 12 1
B 55 847 1 119 0
B 803 556 0 695 0
B 53 295 1 509 1
B 254 92 0 399 1
B 655 65 1 485 0
B 535 509 1 365 0
C 9 1 0
B 264 267 1 49 1
B 771 896 0 425 1
C 768 1 1
B 98 391 1 512 1
B 582 403 1 355 0
B 728 101 1 659 1
B 52 829 0 382 1
C 716 1 1
C 740 1 0
B 92 320 1 668 0
B 638 717 1 764 1
B 261 546 0 163 0
B 779 257 1 49 1
B 850 716 0 391 1
B 389 311 0 566 0
B 376 812 0 469 0
C 404 1 0
B 774 236 1 854 1
B 568 429 1 747 1
B 724 76 0 638 0
B 476 758 1 745 0
B 594 169 0 820 0
C 52 0 0
B 482 553 1 87 1
B 405 428 0 107 0
B 574 542 0 296 0
B 911 800 1 455 1
B 128 581 1 141 0
B 553 644 1 121 1
B 642 917 0 269 0
B 145 243 1 249 1
B 911 810 1 0 0
B 907 437 0 920 0
B 329 522 0 244 0
B 124 72 1 772 1
B 547 769 0 117 1
C 762 0 1
B 874 765 0 429 0
B 295 256 1 140 1
B 239 49 0 529 0
B 192 646 0 385 0
B 718 207 1 262 1
B 533 656 1 635 1
B 658 62 1 271 1
B 142 298 0 386 1
C 323 0 1
B 173 91 1 219 0
B 203 403 1 909 1
B 204 598 0 923 0
B 578 902 1 205 1
B 294 414 0 424 1
C 286 1 0
B 882 654 0 723 1
B 148 229 0 903 1
B 355 509 0 382 0
B 296 828 1 805 1
B 139 385 0 87 0
B 751 346 1 735 0
B 244 27 1 459 1
B 923 56 0 485 1
B 31 379 1 836 1
B 876 902 1 546 0
B 118 42 0 527 0
B 134 786 0 92 0
B 431 331 0 737 0
B 314 80 1 193 0
B 725 541 0 215 1
B 791 881 0 441 1
B 452 795 0 39 0
B 438 482 1 613 1
B 209 566 0 867 1
B 528 628 1 920 1
B 826 468 1 627 1
B 48 445 1 180 1
B 521 771 1 483 1
B 395 98 0 544 1
C 900 1 0
B 106 154 0 164 1
B 76 730 0 0 1
B 380 620 1 445 1
B 732 54 0 426 1
B 529 633 0 256 0
C 577 0 1
B 531 212 1 168 0
B 123 643 0 836 0
B 629 94 1 108 0
C 502 1 1
B 826 18 1 217 0
B 524 112 1 662 0
B 824 634 0 797 0
B 495 69 1 5 1
B 921 338 1 866 0
B 406 885 1 263 1
B 244 805 0 156 1
B 483 121 1 801 0
B 777 488 0 888 0
B 481 824 0 33 0
B 244 747 0 27 1
B 406 65 0 313 1
C 590 0 1
B 302 594 1 154 1
C 225 0 1
C 570 1 1
B 690 605 0 441 0
B 534 261 0 912 1
C 735 1 0
B 456 915 1 264 0
B 17 678 0 792 0
B 382 726 0 565 1
B 202 739 1 120 1
B 117 476 0 91 1
B 280 52 1 695 0
B 254 291 1 227 0
B 522 753 1 162 1
B 860 186 0 717 0
C 477 0 0
B 443 398 1 519 0
B 296 777 0 456 0
B 869 50 1 475 0
B 722 58 1 92 1
B 213 348 0 21 1
B 767 177 0 871 1
C 830 0 0
B 573 769 0 856 1
B 626 775 1 299 1
B 390 796 0 124 1
B 285 572 1 230 1
B 205 23 1 582 1
B 427 409 1 830 1
B 473 249 1 212 0
B 922 45 1 741 1
B 671 247 1 583 0
B 261 886 1 816 0
B 751 474 0 31 0
B 563 178 1 698 1
B 642 657 0 337 1
C 737 0 1
B 655 6 1 293 1
B 219 188 1 208 0
B 136 378 0 246 0
C 243 0 0
B 245 602 0 116 1
B 542 801 0 316 0
B 327 181 0 92 1
B 784 719 1 774 1
B 238 113 1 311 0
B 229 192 1 547 0
B 474 419 0 476 0
B 341 856 1 907 1
B 722 373 0 747 0
B 290 733 1 864 1
B 402 321 0 191 0
B 523 102 1 125 1
B 366 444 0 530 0
B 785 613 0 561 1
B 616 376 0 336 0
B 724 343 1 620 1
B 906 383 0 281 0
B 756 689 1 712 1
C 285 0 1
B 873 458 0 561 0
B 118 371 1 681 1
B 558 108 1 295 0
B 168 740 0 190 0
B 521 909 0 775 0
B 336 276 1 148 0
B 223 346 0 179 0
B 815 315 0 626 0
C 561 0 1
B 41 236 1 791 1
B 63 733 0 127 0
C 51 0 1
B 525 630 0 209 1
B 626 214 1 577 1
B 862 201 0 140 0
B 677 926 0 559 0
B 651 643 0 70 1
C 772 1 1
B 907 779 0 266 0
C 255 0 0
B 918 567 1 830 0
B 217 116 1 54 0
B 344 376 1 446 1
B 524 606 1 565 1
B 873 675 1 649 0
B 614 461 1 251 0
B 333 576 0 859 0
B 469 511 1 730 1
B 802 84 0 426 1
B 313 241 1 475 0
B 257 46 0 880 0
B 481 881 1 541 0
B 325 453 0 400 1
B 365 593 1 450 1
B 539 129 0 689 1
B 566 314 0 582 1
B 54 577 1 480 0
B 879 867 0 106 0
B 567 604 0 744 1
B 631 13 0 50 0
B 364 459 0 678 0
B 299 589 1 142 0
B 21 136 1 405 0
B 87 605 1 858 1
C 861 0 1
B 39 350 1 720 0
B 110 49 0 693 1
B 472 822 0 321 0
B 232 92 1 692 0
B 131 210 0 312 0
B 222 9 0 857 0
B 687 305 1 199 1
B 734 672 1 625 0
B 39 49 1 697 1
B 690 58 1 599 1
B 142 111 0 651 0
B 262 534 0 67 0
B 610 392 1 133 0
B 826 786 1 332 0
B 152 276 0 109 0
C 41 1 1
B 718 11 1 676 0
B 372 62 1 902 0
B 724 50 0 889 0
B 75 99 0 654 0
B 261 117 1 392 0
B 184 393 0 369 1
B 488 155 1 631 0
B 631 489 0 557 0
B 411 139 1 422 1
B 732 259 0 872 1
B 604 206 0 781 0
B 11 476 1 512 1
C 766 0 0
B 430 389 1 562 1
B 271 18 1 217 0
B 890 478 1 133 1
B 540 852 0 436 0
C 690 0 0
B 560 87 1 39 1
B 96 221 1 423 1
C 435 0 0
B 138 380 0 575 1
B 610 264 0 36 1
B 234 231 1 201 1
B 562 525 0 388 0
B 26 797 0 924 1
B 195 227 0 523 0
C 724 0 1
B 175 484 0 466 1
C 187 0 0
B 445 598 1 406 1
B 866 806 0 870 1
B 262 916 0 611 1
B 474 369 1 660 1
B 107 743 0 56 0
B 114 121 0 884 1
B 712 216 1 519 0
B 903 57 0 119 0
B 922 723 0 80 1
B 492 212 1 37 0
B 811 74 0 686 0
C 896 1 0
B 755 19 0 251 0
B 48 229 0 634 0
B 924 337 0 215 1
B 321 494 0 116 0
B 167 29 1 795 0
B 557 684 1 701 1
C 83 1 0
B 433 862 1 814 1
B 283 30 0 841 0
B 261 329 0 310 0
B 827 812 1 182 1
B 194 355 1 381 1
B 118 214 1 95 0
B 853 553 0 903 0
B 311 191 0 521 0
B 457 171 1 754 1
C 224 1 0
B 310 636 0 269 1
B 58 24 1 13 0
B 860 698 0 429 0
B 443 183 1 717 0
B 699 121 1 250 0
B 648 101 1 541 0
B 536 39 0 585 1
B 182 649 1 54 1
B 157 360 0 404 1
