957 5 1000 888
234 4 3
889 4 1
749 1 3
174 3 1
483 3 0
187 4 1
563 4 2
737 2 0
238 4 1
184 1 4
696 2 1
370 2 2
293 2 4
210 2 2
865 1 0
534 1 2
351 0 0
636 3 4
355 0 2
881 3 1
817 2 2
184 4 2
65 3 1
918 0 4
259 2 1
535 2 0
287 1 0
862 4 2
116 2 4
514 1 2
610 2 3
527 0 3
77 1 2
766 0 2
295 0 3
323 0 0
756 3 2
225 2 4
161 1 2
680 1 4
420 3 0
78 0 0
278 3 1
652 1 4
256 1 3
697 4 3
694 2 4
949 4 3
375 1 2
899 0 4
44 2 1
546 3 2
635 4 2
204 3 2
304 2 2
521 4 2
575 0 4
193 2 1
623 0 4
697 0 3
789 1 3
344 1 4
718 0 4
623 2 2
705 1 3
170 3 4
154 2 1
752 3 1
253 2 3
37 4 4
423 1 2
624 0 1
445 2 2
807 2 0
892 0 2
569 2 3
203 4 4
813 0 2
478 0 4
532 3 0
678 0 3
810 3 1
720 2 2
664 2 1
110 3 0
63 1 0
432 3 1
368 0 4
700 2 2
306 4 2
391 0 4
572 1 3
64 0 4
951 2 4
734 0 0
353 0 3
246 3 2
351 4 4
699 0 2
104 4 1
486 3 3
502 2 0
399 3 1
73 2 4
330 3 1
667 3 0
852 4 4
210 1 3
681 1 0
829 2 4
204 4 0
336 4 1
245 1 1
424 4 4
854 1 3
568 4 4
873 0 3
253 2 4
35 1 0
338 2 1
61 1 4
845 4 1
389 0 4
133 2 2
423 0 2
725 3 2
431 1 2
492 4 0
775 2 1
210 4 2
810 2 4
909 3 3
690 3 4
935 1 3
174 0 2
233 0 3
901 1 2
262 2 3
637 2 2
484 0 2
335 1 4
523 0 4
663 0 1
807 0 0
814 1 3
199 1 3
816 0 1
906 2 0
435 2 1
436 3 4
410 4 0
615 3 1
111 2 2
598 3 4
321 1 4
440 1 4
555 4 3
446 4 0
155 3 4
695 2 1
567 4 4
642 4 0
427 2 3
177 4 2
2 3 3
933 2 0
599 1 4
784 0 3
97 3 0
627 3 4
530 1 0
351 4 1
933 3 3
175 3 0
540 1 2
444 1 3
672 4 3
508 3 3
175 0 2
251 3 0
905 4 3
484 3 3
281 3 2
433 2 4
615 0 2
244 0 0
159 2 2
547 2 2
646 3 4
855 1 1
873 2 3
567 1 1
460 2 4
5 1 4
128 4 1
817 2 3
592 4 0
933 4 1
808 0 4
872 4 2
403 4 1
770 4 0
519 4 0
770 1 1
98 0 2
772 1 1
883 4 0
682 3 1
480 4 2
429 3 0
321 3 4
711 0 4
37 3 0
65 3 0
569 1 4
198 0 0
645 1 3
912 1 2
647 1 2
210 2 0
255 4 0
81 3 0
761 0 0
742 4 2
815 4 1
512 4 3
196 4 2
193 0 2
448 0 0
71 1 1
163 2 3
799 1 4
537 3 4
40 1 4
381 3 0
403 2 4
42 4 4
689 4 1
252 2 1
121 1 4
598 3 0
534 4 1
30 1 4
159 2 1
836 4 2
137 3 1
469 0 1
522 3 4
81 2 1
229 4 3
629 1 0
723 0 0
435 0 0
606 2 4
632 3 3
163 3 0
204 3 4
95 4 0
451 1 1
325 1 3
308 3 0
189 4 2
718 0 2
410 0 3
153 2 2
74 3 2
932 2 1
375 4 1
357 1 2
51 0 3
822 1 1
86 3 3
889 1 0
183 4 4
409 3 2
888 2 2
468 1 2
520 0 0
63 4 0
675 2 1
612 4 0
594 2 4
2 4 0
731 4 0
823 4 1
773 1 0
600 0 3
175 0 1
93 0 3
53 2 0
271 2 1
795 4 0
772 3 0
856 1 1
106 0 4
378 4 3
235 3 1
31 0 3
23 1 3
386 4 4
663 2 1
226 2 2
829 3 4
414 3 0
665 4 3
405 2 1
354 4 0
559 1 0
342 2 0
394 1 3
148 0 0
652 4 1
37 4 0
207 2 4
800 3 1
229 0 3
636 2 2
232 4 2
468 2 3
829 2 2
872 1 3
71 3 4
436 1 2
66 0 1
409 0 1
898 4 2
7 2 3
731 4 2
720 0 2
602 0 4
646 4 2
214 1 1
195 0 2
313 2 3
268 4 1
116 1 2
419 3 3
169 3 2
262 3 3
157 4 4
796 0 3
370 4 3
874 1 0
460 4 2
40 0 2
96 0 3
91 0 4
139 1 1
185 0 0
562 4 3
57 3 1
413 4 2
19 1 0
115 2 2
318 1 4
131 1 2
740 4 0
319 3 1
529 4 1
148 0 3
822 0 4
638 4 4
21 1 2
620 4 2
914 3 1
323 0 3
418 3 3
641 2 1
215 2 2
537 4 3
1 0 2
712 4 0
436 2 2
815 2 4
171 4 1
526 0 0
610 1 3
352 2 2
309 1 0
281 4 4
307 4 2
875 0 0
174 1 1
683 3 4
909 0 4
760 3 2
624 2 3
424 4 3
840 3 1
431 4 1
898 4 0
609 4 2
201 3 0
536 0 0
482 0 0
928 2 2
558 0 4
128 2 3
224 3 3
155 1 1
60 1 4
311 3 2
587 3 1
546 0 0
132 2 4
115 0 4
948 0 4
759 0 1
725 2 0
642 3 0
338 3 2
879 1 1
117 1 0
717 1 1
154 1 0
222 4 3
790 2 0
629 1 2
889 3 2
546 2 3
586 4 1
319 0 4
321 0 1
198 3 2
589 1 4
746 3 0
83 2 3
76 0 2
191 1 2
325 2 1
108 3 1
262 3 4
290 3 4
879 2 3
467 0 4
924 3 1
446 3 0
253 3 3
763 0 0
844 1 3
886 0 3
372 2 0
257 3 0
223 3 2
243 1 3
226 4 3
540 1 0
373 0 1
808 2 1
315 1 0
683 1 2
13 0 4
852 2 2
575 3 3
787 4 2
235 3 0
518 4 4
742 4 0
774 1 1
757 0 0
24 0 2
22 3 0
433 1 1
648 0 3
442 3 4
287 3 2
365 4 2
559 2 3
665 2 4
134 3 3
239 3 3
551 4 3
359 3 4
38 4 0
883 1 3
280 0 1
934 3 4
671 1 4
610 1 1
555 3 3
709 3 3
434 0 1
507 2 3
828 0 3
573 3 3
34 3 0
895 3 1
794 0 4
552 3 4
807 3 1
221 2 4
478 3 3
83 2 1
105 3 4
61 0 4
139 4 4
577 1 1
902 0 1
298 1 0
187 2 1
783 1 1
243 2 2
98 2 4
16 2 2
652 2 1
213 0 0
815 4 0
54 1 3
537 4 0
843 0 3
370 0 1
777 2 0
266 4 0
938 3 3
400 0 0
566 2 4
533 1 1
6 3 0
760 1 4
590 4 3
632 1 2
116 2 1
268 1 2
64 2 3
283 2 3
140 2 4
817 0 3
523 4 3
744 1 4
916 2 4
473 0 1
842 3 0
460 3 1
82 0 2
136 3 2
480 0 4
922 3 4
177 0 4
180 0 2
14 4 4
505 1 2
939 0 0
27 1 4
370 1 3
411 4 0
110 4 4
658 0 4
638 4 3
713 2 1
693 4 3
345 1 4
908 3 1
192 0 4
865 3 2
29 1 4
20 1 1
579 1 3
376 0 2
400 4 4
134 3 4
906 3 1
551 2 2
458 3 4
844 3 2
47 4 4
704 3 2
595 1 2
370 0 2
261 2 2
58 4 4
737 0 0
663 3 2
83 1 0
304 0 3
641 0 0
638 1 4
688 4 3
718 4 1
67 4 4
378 3 2
291 1 0
672 4 4
712 1 4
628 3 1
568 2 1
783 1 2
203 1 2
224 3 0
464 4 1
897 1 1
292 1 2
341 1 1
470 4 4
947 2 1
131 2 1
11 1 1
659 1 4
128 4 3
910 3 3
561 0 0
568 4 3
770 0 3
291 4 1
564 1 1
700 3 0
890 0 1
45 0 2
946 1 0
478 0 2
664 0 0
451 1 0
477 2 3
78 1 3
772 4 1
627 4 2
534 0 0
94 3 4
307 2 3
108 2 4
613 3 3
221 3 1
470 3 0
504 1 4
568 1 1
859 1 3
611 0 3
560 4 0
536 2 3
674 0 0
365 0 0
90 3 2
343 0 1
235 2 0
19 3 4
531 3 0
955 4 2
914 3 3
415 1 4
904 4 4
199 1 4
81 4 3
745 0 1
530 2 0
829 0 2
652 0 0
872 3 1
704 4 3
862 0 3
632 2 4
573 0 1
587 1 3
807 3 4
319 3 3
328 4 0
515 0 3
253 1 3
495 4 4
51 1 0
95 1 3
715 1 3
257 4 2
875 3 2
308 2 2
487 1 4
940 1 2
768 4 2
586 3 2
145 1 3
704 0 1
58 2 3
562 2 4
39 1 2
310 0 4
299 3 1
538 1 0
608 4 3
651 0 3
10 0 0
772 1 0
727 2 0
221 0 1
471 1 3
869 1 4
541 0 1
1 3 1
10 0 3
418 0 4
220 3 0
475 4 2
117 3 4
758 2 4
844 1 4
221 3 0
277 4 0
764 4 1
127 0 0
591 2 0
374 4 3
484 4 2
554 3 1
205 4 3
115 0 2
450 4 0
732 1 3
251 3 3
142 3 0
148 1 4
897 4 4
474 1 2
293 3 0
143 4 1
167 0 2
366 0 2
513 0 1
327 0 3
287 3 4
137 2 3
819 4 3
859 0 0
32 1 2
395 4 0
317 1 1
192 3 4
552 2 1
918 0 2
710 3 4
597 1 1
346 3 3
345 3 1
243 4 1
238 0 3
442 0 1
902 3 3
926 0 1
46 3 4
576 4 0
136 3 1
626 1 2
747 1 0
856 3 1
155 0 3
755 4 0
1 4 1
862 4 1
83 0 2
252 2 4
649 2 0
592 0 1
532 4 3
176 2 2
635 2 4
805 3 1
925 2 0
525 1 1
591 3 4
561 0 3
442 4 3
214 1 2
133 3 2
811 3 1
769 2 0
344 0 3
596 2 0
227 0 0
571 0 4
439 4 0
421 3 2
872 1 4
535 4 3
146 1 3
438 1 3
721 2 3
238 3 4
130 3 2
166 1 1
829 1 0
457 4 1
215 3 4
194 2 0
760 0 0
946 2 3
89 4 4
333 1 0
458 3 0
148 0 4
945 2 1
477 2 4
255 4 1
635 1 1
624 3 0
813 2 0
576 2 1
655 4 2
641 4 2
570 1 2
344 3 0
56 1 0
449 0 4
199 2 1
163 3 4
868 0 2
758 2 3
274 3 2
240 3 3
22 1 2
621 0 0
470 3 2
443 0 1
363 2 1
785 1 2
937 2 0
385 0 0
744 4 3
678 1 3
219 1 1
683 3 3
254 2 4
558 4 2
901 1 3
608 1 4
713 0 0
680 0 2
22 1 1
747 1 3
860 1 1
16 4 3
719 2 3
563 0 0
794 0 2
609 3 2
22 1 4
45 1 4
228 4 2
256 1 2
180 4 1
37 2 4
233 3 2
623 4 1
583 2 3
113 4 2
245 3 0
37 1 4
475 1 1
890 3 3
314 2 1
291 2 4
351 0 4
843 1 1
324 3 0
292 1 0
334 1 1
563 3 0
573 4 0
908 3 3
523 2 0
695 1 4
636 3 3
343 2 4
15 4 4
784 0 4
598 1 0
295 3 4
748 0 1
331 1 2
362 4 3
177 3 0
463 1 3
255 1 0
144 3 3
665 2 0
379 4 0
607 4 1
677 4 3
764 1 2
90 2 1
517 2 2
287 4 0
473 2 3
331 4 4
129 4 3
434 3 4
556 4 2
894 4 4
582 3 2
52 4 3
380 2 0
939 4 4
850 2 1
161 1 0
66 4 2
9 2 1
463 1 4
106 2 2
818 0 3
817 2 4
729 2 2
407 3 1
691 3 3
38 0 2
442 4 4
96 2 2
362 1 3
501 1 1
937 4 3
215 4 2
129 3 2
939 0 3
376 3 2
469 1 0
724 3 3
251 0 1
812 0 0
562 4 0
351 3 1
680 1 0
235 0 1
169 1 3
225 4 1
300 1 0
528 1 1
722 3 0
624 1 2
896 3 0
29 1 3
164 1 1
708 4 0
96 1 3
738 0 3
297 3 3
84 0 4
92 3 3
357 2 1
944 2 2
274 3 0
133 3 0
720 0 4
605 1 0
233 0 1
842 1 2
79 0 4
166 3 2
724 4 0
25 0 3
215 1 3
466 0 0
82 3 3
842 0 2
116 3 4
84 4 1
402 4 2
653 0 1
483 0 2
607 2 2
491 1 4
727 2 1
359 0 0
33 4 2
443 1 0
59 2 2
103 2 4
587 0 3
100 3 1
147 0 3
319 4 4
164 4 0
140 1 3
498 4 0
328 0 4
381 4 0
119 4 4
489 4 4
577 4 3
152 4 1
143 1 0
121 3 1
759 2 0
347 1 2
496 3 4
333 3 3
768 1 1
608 3 2
69 4 3
28 2 3
870 1 0
55 1 0
20 2 1
691 2 4
459 3 2
126 2 2
750 4 4
217 3 2
595 1 0
580 3 0
149 4 0
486 4 0
265 4 4
491 1 2
882 1 0
237 0 0
53 3 3
B 612 605 0 399 4
B 727 769 2 336 0
B 150 707 3 500 1
B 795 93 3 229 4
B 749 305 4 396 2
B 569 517 2 759 3
B 259 449 0 169 0
B 90 216 3 499 3
B 750 305 2 806 0
B 524 942 0 18 4
B 61 310 0 846 0
B 616 301 3 524 1
B 319 799 1 18 0
C 473 0 3
C 621 1 4
B 536 826 1 784 1
B 542 529 0 673 2
B 86 121 2 362 3
B 223 704 4 269 1
B 873 625 1 315 3
C 120 0 2
B 30 439 2 213 1
B 291 736 4 104 0
C 785 0 1
B 628 472 3 336 0
B 400 620 0 211 2
B 556 124 3 926 4
B 694 42 3 892 4
B 398 590 0 555 3
B 826 949 4 820 0
B 458 918 2 284 0
B 221 179 3 355 2
B 211 65 0 688 0
B 521 905 3 618 3
B 634 512 3 406 0
B 684 888 1 57 1
C 47 1 1
B 949 417 2 55 3
B 271 375 1 868 0
B 404 62 1 111 0
B 146 912 0 333 4
B 839 642 1 140 1
B 650 665 4 54 0
B 803 265 3 596 1
B 107 299 1 552 1
B 890 682 3 921 3
B 690 53 4 595 1
C 758 0 4
B 64 703 0 399 0
B 170 189 2 616 4
B 707 805 2 76 4
B 822 124 3 255 4
B 203 580 3 950 1
B 237 212 0 776 0
B 435 311 1 585 2
B 931 325 0 238 2
B 211 110 1 554 4
B 928 65 1 363 0
B 488 774 2 371 3
B 794 124 4 323 3
B 747 353 1 915 0
B 367 429 4 759 4
B 47 278 1 127 3
B 83 874 1 666 4
B 117 307 0 347 2
B 811 284 0 834 3
C 251 4 1
B 928 881 0 201 4
B 494 27 3 945 4
C 853 2 1
B 147 661 0 546 2
B 469 336 2 159 2
B 818 227 2 211 0
C 922 0 3
B 463 28 3 437 3
B 225 756 2 307 1
C 924 4 1
B 821 850 4 27 0
B 917 373 2 516 4
B 338 558 0 342 4
B 97 493 1 530 0
B 374 739 4 132 1
B 73 371 4 120 0
B 428 333 0 38 3
B 867 889 4 236 0
B 310 776 2 817 1
C 521 0 1
B 702 776 3 702 0
B 880 376 2 279 2
B 165 85 1 918 0
B 152 688 4 270 4
B 79 837 1 283 2
B 45 293 1 374 2
B 890 305 3 429 4
B 56 717 2 333 3
C 633 0 4
C 260 0 1
B 698 468 4 88 3
B 630 270 3 280 3
B 479 194 4 200 0
B 442 308 1 594 4
B 368 362 3 87 2
B 219 121 1 456 1
B 531 663 1 441 3
C 262 2 1
B 81 133 4 706 2
B 553 942 1 663 2
B 899 899 3 823 0
B 275 428 4 502 3
B 24 596 0 95 3
B 273 505 4 671 0
B 304 176 2 692 4
B 214 729 3 534 0
B 404 230 1 327 3
B 122 718 4 749 0
C 692 1 3
B 504 871 4 856 3
B 443 346 3 716 3
B 183 83 3 628 2
B 307 700 4 432 1
B 624 502 3 328 2
B 493 142 4 469 3
B 742 12 1 953 0
B 809 99 2 14 2
B 37 55 1 469 1
B 60 682 1 727 3
B 546 497 1 143 3
C 632 0 1
B 746 806 1 946 1
B 782 428 4 131 1
B 449 369 3 511 0
B 193 442 1 815 2
B 477 394 4 829 1
B 642 221 2 655 4
B 518 460 1 361 4
B 608 705 4 227 3
B 73 931 1 466 0
C 178 0 3
B 868 335 4 141 1
B 275 294 2 663 2
B 241 409 1 453 0
B 678 675 4 624 3
B 0 617 2 351 1
B 559 307 3 701 0
B 661 139 4 806 3
B 430 932 4 782 0
B 820 294 3 593 3
B 148 43 0 261 3
C 812 3 3
B 533 562 1 612 4
B 647 293 2 145 2
B 603 453 3 208 3
B 410 502 4 838 3
C 120 1 0
B 173 649 2 114 0
B 578 417 3 78 0
B 359 765 3 679 4
B 97 313 4 205 0
B 572 342 3 867 4
B 14 332 3 804 2
B 389 45 0 116 3
B 178 631 4 140 2
B 275 654 0 895 4
B 612 100 2 323 2
B 495 142 0 777 0
B 706 562 3 138 3
B 185 381 2 766 1
B 449 756 2 913 3
B 185 935 2 398 4
B 42 280 2 57 0
B 25 704 0 338 0
B 941 334 0 298 4
B 228 280 4 469 2
B 643 181 2 778 3
B 55 754 2 445 3
B 387 765 2 60 3
C 789 4 2
B 605 86 2 79 2
C 571 4 1
B 581 628 0 566 4
B 319 233 1 234 2
B 486 368 0 502 3
B 69 340 1 901 4
B 382 148 1 529 1
B 565 587 1 892 2
B 343 361 2 438 4
B 689 30 2 84 0
B 31 299 1 175 1
B 797 50 4 899 1
B 489 301 3 887 0
B 605 744 0 457 1
B 222 932 2 673 2
B 439 292 2 467 4
B 658 118 4 545 3
B 175 513 2 832 1
B 733 462 1 825 2
B 111 685 0 265 4
B 439 327 2 10 3
B 736 156 0 746 2
B 144 222 2 108 4
B 111 280 4 287 1
B 354 684 1 721 3
B 100 11 2 126 0
B 697 373 0 456 1
C 640 0 4
B 488 377 1 124 2
B 930 357 1 233 1
B 320 665 4 312 0
B 77 872 2 514 2
B 698 764 1 440 3
B 108 281 3 494 2
B 506 41 2 474 0
B 955 443 1 571 1
B 738 713 2 103 3
B 848 356 2 703 0
B 853 66 2 743 2
B 628 640 1 561 0
B 584 550 1 743 0
C 572 2 2
B 684 376 1 210 2
B 256 469 2 543 1
B 597 83 1 220 0
B 725 876 0 178 1
B 311 236 1 930 0
B 644 380 1 312 1
B 680 175 4 238 3
B 440 644 0 908 4
B 575 232 0 152 1
B 150 496 3 249 3
B 751 775 1 887 2
B 328 2 1 658 2
B 808 738 3 691 1
B 925 280 3 337 1
B 405 831 2 867 3
B 935 565 3 305 2
B 348 727 2 835 2
C 17 2 4
B 127 659 0 586 4
B 396 76 3 102 4
B 588 922 0 550 4
B 109 332 3 338 1
B 867 445 3 22 2
B 941 97 4 242 4
B 12 384 1 503 1
B 323 19 0 891 2
B 669 714 2 502 2
B 818 531 3 532 0
B 819 932 0 253 0
B 204 563 4 58 1
B 656 255 2 384 2
B 153 913 0 29 1
C 381 3 1
B 248 744 3 856 3
C 626 3 1
B 674 505 0 882 0
B 702 243 2 197 4
B 248 374 3 956 1
B 424 517 4 314 0
B 889 349 1 133 4
C 37 3 0
C 936 0 3
B 734 96 1 687 0
B 848 568 0 781 3
B 863 707 1 171 4
B 513 310 4 559 4
B 485 530 1 73 0
B 74 297 1 143 4
B 503 898 0 83 4
B 224 243 2 271 0
B 557 665 2 722 0
B 850 162 3 946 2
B 143 909 2 542 1
B 397 119 0 332 3
B 686 362 2 911 0
B 583 858 0 312 0
B 816 724 4 360 2
B 320 341 0 885 1
B 101 757 2 856 1
B 320 811 4 251 2
B 300 660 2 371 0
B 131 229 2 952 3
B 529 528 3 905 2
B 657 466 1 365 2
B 70 170 1 24 4
B 573 165 4 236 4
B 822 584 4 327 4
B 387 905 0 615 0
B 380 469 3 201 1
B 156 220 1 140 3
B 804 422 4 140 1
B 615 703 2 431 0
B 336 480 1 748 4
B 538 469 4 198 4
B 950 861 0 461 2
B 322 825 2 158 0
B 322 110 3 850 2
B 479 553 0 43 4
B 300 490 0 278 2
B 303 578 1 140 4
B 688 348 1 864 1
B 720 647 2 450 1
B 187 696 2 39 3
B 656 611 1 224 0
C 797 0 3
B 408 581 2 357 0
B 680 9 0 906 0
C 51 3 3
B 291 771 4 143 0
B 112 304 4 393 3
B 625 67 2 393 2
B 141 557 2 379 2
B 773 356 4 65 4
B 842 380 4 714 1
B 569 690 0 460 0
B 707 430 0 656 0
B 694 623 2 727 4
B 303 742 1 653 4
B 266 555 4 60 1
B 700 291 1 0 2
B 623 280 1 460 2
B 879 242 0 773 4
B 534 570 1 645 1
B 598 278 2 201 4
B 186 179 0 461 1
B 285 268 0 539 1
B 793 83 3 32 0
B 863 432 2 2 4
B 945 951 1 585 3
B 791 20 0 861 1
B 89 98 3 29 3
B 943 505 0 377 4
B 944 445 1 502 2
B 751 812 0 581 1
B 49 244 2 288 1
C 947 4 2
B 279 60 4 866 1
B 694 886 0 532 2
C 561 4 3
B 201 912 4 172 1
C 181 3 0
B 647 14 1 357 3
B 650 860 3 797 4
B 303 914 2 275 0
B 581 510 4 853 3
B 202 619 2 602 3
B 380 548 0 845 4
B 939 83 3 195 3
B 531 668 3 721 3
C 461 3 0
B 653 707 3 595 3
B 76 325 2 574 1
B 432 632 4 576 1
B 841 449 4 670 3
B 849 578 1 667 0
B 829 199 2 153 2
B 54 890 4 758 2
C 745 2 2
B 663 327 1 195 1
B 225 645 2 651 2
B 341 528 4 345 4
C 695 2 3
B 505 498 2 100 0
C 372 1 2
B 889 837 0 313 2
B 560 841 3 418 3
B 924 318 2 23 3
B 583 912 3 921 2
B 275 263 1 166 0
C 166 0 3
B 263 664 0 512 0
B 60 745 2 697 2
B 953 609 3 716 4
B 45 912 0 232 1
B 316 916 1 761 3
B 631 356 4 724 2
B 939 386 1 281 1
C 33 0 3
B 95 928 2 668 1
B 484 462 3 433 2
B 499 78 4 920 3
B 264 317 0 31 3
B 300 725 4 668 1
B 731 318 3 888 3
B 211 101 1 216 0
B 920 176 4 391 0
B 786 411 1 416 4
B 167 333 0 16 3
B 210 772 0 84 3
B 706 375 3 56 4
B 26 394 2 928 2
B 695 282 1 164 3
B 726 275 4 472 2
B 419 513 0 66 1
B 628 854 2 56 2
C 558 3 0
C 460 4 3
B 896 890 3 536 0
B 78 848 1 789 3
B 855 87 0 911 1
C 114 2 3
B 205 205 4 13 3
B 796 16 2 803 2
B 528 182 3 91 0
B 766 544 2 786 4
C 40 0 4
B 687 217 3 308 2
B 447 366 0 578 2
B 604 740 2 285 2
B 281 292 3 534 1
B 375 547 4 387 2
C 121 2 4
B 614 741 2 217 0
B 322 479 2 229 3
C 625 0 4
B 358 328 0 648 1
B 93 702 2 499 1
B 138 58 0 899 3
B 398 120 3 243 0
B 672 87 0 411 0
B 901 409 0 22 4
B 927 242 2 672 3
C 253 1 1
B 403 912 4 441 4
B 919 250 0 680 2
B 356 604 2 92 4
B 405 423 4 334 0
B 170 925 4 788 3
C 450 1 3
B 900 333 4 60 3
B 415 115 0 168 0
B 579 472 4 363 2
B 291 76 1 796 3
B 774 319 0 116 0
B 632 37 1 690 2
B 827 769 2 717 1
B 221 667 2 296 0
B 393 294 4 602 1
B 406 523 3 378 3
B 792 848 1 441 2
B 778 498 0 463 3
C 171 2 2
B 850 285 2 138 0
B 885 204 3 159 1
B 955 945 4 676 3
B 773 712 0 936 1
B 592 924 3 191 1
B 543 492 2 547 0
B 683 700 1 172 0
B 942 79 0 516 3
C 539 2 3
B 720 430 4 60 1
B 179 129 2 588 1
C 891 1 4
B 614 152 1 391 0
B 153 677 1 822 4
B 29 261 4 182 3
B 231 608 4 913 2
B 518 174 4 79 2
B 504 599 3 564 2
B 735 721 2 859 3
B 23 136 4 219 4
B 412 386 4 10 3
B 479 654 4 619 2
B 534 710 1 618 4
B 813 509 1 329 4
B 38 223 4 246 2
B 716 821 2 284 3
B 654 171 4 86 0
B 221 76 0 802 2
B 325 856 1 616 4
B 752 578 0 887 0
B 58 861 0 526 3
B 912 165 0 695 1
B 936 174 2 722 3
B 493 393 1 410 4
B 29 753 1 410 2
B 625 701 0 52 4
B 592 135 3 50 4
B 184 528 2 478 0
B 849 304 0 71 2
B 935 860 0 44 0
B 207 345 0 687 4
B 733 307 4 916 3
B 227 809 1 417 1
C 764 4 4
B 289 67 1 428 4
B 569 750 4 601 2
B 80 677 2 106 4
C 98 3 3
B 914 632 2 411 1
C 482 4 3
B 112 537 4 702 1
B 562 702 0 109 0
B 144 215 0 690 2
B 304 718 2 109 0
B 807 84 3 930 0
B 365 717 0 358 3
B 944 449 4 621 4
B 168 313 3 583 4
B 590 273 0 846 4
B 928 794 1 223 2
B 133 492 3 612 4
B 837 755 3 118 4
C 412 3 0
B 54 696 2 82 4
B 651 356 1 459 4
B 37 296 0 916 3
B 716 955 4 761 2
B 826 327 3 125 0
B 243 235 3 722 3
B 103 66 3 324 2
B 871 220 3 442 1
B 282 22 1 330 0
B 848 52 2 99 1
B 815 906 3 776 1
B 723 599 3 761 0
B 375 364 2 62 2
B 771 154 2 194 0
B 756 424 4 602 1
B 717 518 4 307 1
B 802 11 1 170 3
B 415 648 1 567 2
B 186 326 1 939 4
B 549 941 0 200 0
B 34 555 3 733 1
B 210 610 2 12 1
B 617 916 3 850 2
B 155 528 3 935 0
B 3 792 3 145 2
C 118 3 1
B 740 928 1 637 2
B 481 53 0 399 0
B 734 839 4 616 1
B 624 891 1 474 1
B 769 281 1 699 4
B 19 194 3 598 1
B 384 610 4 356 1
B 814 306 2 82 2
B 799 419 1 511 4
B 569 507 2 854 2
B 720 348 1 424 4
B 92 788 3 275 0
B 773 270 1 696 3
B 289 297 2 579 4
B 334 350 1 640 1
B 609 108 2 96 2
B 492 53 0 722 1
B 515 620 1 545 0
B 251 436 4 292 3
B 950 425 1 708 0
B 865 769 3 615 1
B 351 245 4 842 4
B 761 261 0 613 4
B 670 58 0 184 0
C 240 4 2
B 185 815 3 246 1
B 538 260 0 576 0
B 910 384 3 416 0
B 144 169 4 804 3
B 892 874 4 934 1
C 464 1 1
B 50 105 0 807 2
B 392 390 0 720 4
B 622 284 4 674 1
B 846 217 1 874 4
C 471 1 3
B 720 569 0 503 0
B 60 572 4 933 3
B 528 288 2 843 0
B 826 140 1 310 1
B 716 104 2 683 4
B 393 889 3 607 0
B 315 20 3 620 2
B 409 904 1 754 1
B 532 147 0 237 2
B 924 937 0 934 2
B 766 161 1 248 1
B 320 941 1 64 0
B 734 168 0 533 1
B 329 537 0 406 4
B 232 25 0 733 0
B 433 366 3 507 0
B 587 215 4 223 1
B 631 339 0 414 2
C 862 3 2
B 86 411 2 440 4
B 82 8 4 618 2
B 818 635 1 152 1
B 417 336 0 407 0
B 126 557 1 558 2
B 102 256 3 781 4
B 568 402 1 128 2
C 636 3 0
B 516 85 0 286 4
B 417 230 1 935 2
B 712 79 2 807 0
B 203 129 0 239 2
B 317 139 1 834 1
B 486 379 3 256 0
B 842 124 2 275 1
B 328 420 4 653 0
B 718 143 1 249 4
B 699 707 3 219 3
B 313 644 2 203 4
C 753 1 4
B 184 264 2 752 1
B 206 99 0 33 1
B 614 696 2 657 1
B 254 954 2 395 0
B 439 539 0 229 2
C 13 2 1
B 173 159 0 693 4
C 937 2 3
B 817 291 2 693 0
B 694 11 0 615 0
C 26 4 2
B 754 345 1 621 0
B 812 360 0 360 0
B 50 811 2 784 2
B 237 582 2 678 3
C 823 4 2
B 946 355 3 904 3
B 763 611 4 412 1
B 634 591 0 584 4
C 722 2 1
B 211 295 4 801 3
B 759 425 2 146 1
B 181 677 0 110 0
B 830 578 0 617 1
B 494 698 4 85 3
B 724 323 4 484 4
C 351 1 1
B 769 693 1 168 1
B 867 46 0 2 1
B 437 236 0 506 2
B 448 566 0 232 3
B 297 883 1 210 4
C 527 4 1
B 493 474 0 561 1
B 186 561 2 688 4
B 494 260 4 772 4
B 65 682 2 564 3
B 65 744 0 538 1
B 420 706 4 392 2
B 442 109 0 660 1
B 151 699 1 743 2
B 857 49 1 492 2
B 636 526 1 768 2
C 705 3 1
C 876 1 3
B 775 414 1 172 0
B 580 413 3 742 2
B 843 446 4 764 0
B 187 496 3 842 1
B 566 675 3 391 0
B 198 839 0 817 4
B 428 36 3 205 3
B 812 13 3 313 3
B 941 378 3 318 1
B 170 898 3 939 2
C 526 4 4
C 279 0 2
B 91 233 4 202 0
B 826 370 4 639 2
C 393 4 1
B 563 200 3 851 2
B 470 266 1 541 0
B 534 844 1 134 4
B 945 132 2 141 2
B 116 462 3 623 0
B 405 882 1 698 1
B 335 678 0 797 3
B 809 909 1 117 2
B 301 859 4 862 4
B 833 433 4 213 0
B 712 541 3 43 3
B 669 675 4 192 2
B 373 514 0 877 2
B 871 203 2 742 0
C 702 1 1
B 80 774 0 683 4
B 879 56 0 867 0
B 183 364 3 520 0
B 270 738 1 41 0
B 626 308 3 307 3
B 556 588 1 342 3
B 705 68 2 358 2
B 906 229 4 290 1
B 181 424 2 633 2
B 384 724 2 611 0
B 775 16 1 594 3
B 848 208 3 938 0
B 472 363 0 119 0
B 572 418 4 871 2
B 496 423 1 662 2
B 650 310 4 554 4
B 721 357 0 552 4
B 430 867 2 304 2
B 622 271 3 367 3
B 205 753 2 670 3
B 429 628 4 825 3
B 496 179 0 904 4
B 641 620 1 142 0
B 821 769 3 703 4
B 502 850 0 4 2
B 564 370 3 772 4
C 545 3 1
C 711 1 0
C 62 4 1
B 228 304 4 649 2
B 902 110 1 151 0
B 782 92 1 682 2
B 448 321 2 610 3
B 505 867 2 266 4
B 308 716 4 728 2
B 633 683 4 473 2
B 755 572 4 662 2
B 363 651 2 823 3
B 375 907 3 815 1
B 720 205 0 109 0
B 684 711 3 281 2
B 189 170 4 156 0
B 649 946 2 182 0
B 953 822 4 631 0
B 196 635 2 896 0
C 689 3 3
C 920 4 0
B 780 517 2 336 2
B 868 168 2 752 0
B 663 493 3 245 3
B 391 17 3 350 3
B 867 754 4 90 3
B 889 812 3 418 3
B 502 406 4 658 4
B 459 636 2 292 4
B 380 170 4 231 2
B 222 951 2 877 3
B 487 6 4 447 1
B 184 714 0 875 3
B 95 490 2 689 2
B 415 132 2 812 4
B 497 881 1 31 4
B 158 351 4 901 2
B 72 871 4 269 3
B 439 5 3 666 4
B 402 302 2 219 4
C 683 4 2
B 88 460 4 323 2
B 154 652 1 592 4
B 270 122 3 173 1
B 126 876 1 302 3
B 278 670 1 853 4
B 193 845 4 732 2
B 341 655 0 428 2
B 636 927 1 234 2
B 53 454 1 513 1
B 431 642 2 12 2
C 803 2 2
B 245 172 0 68 1
B 135 249 2 772 2
B 601 686 2 680 4
B 846 664 3 639 4
B 652 318 3 159 3
B 654 956 3 268 1
B 552 513 0 797 2
B 769 654 1 468 1
B 210 429 1 618 0
B 739 794 4 580 1
B 616 698 4 673 2
C 530 0 3
B 45 324 2 284 0
B 712 677 0 576 1
B 136 458 2 850 3
B 297 781 1 529 2
C 207 1 0
B 884 813 3 633 1
B 381 373 4 784 2
B 175 849 2 305 1
B 817 868 4 308 4
B 861 71 3 762 3
B 455 547 3 485 0
B 110 506 2 357 4
B 518 60 1 806 1
B 657 317 0 914 4
B 944 542 1 34 1
B 333 283 4 816 1
B 804 557 3 914 0
B 839 374 1 111 4
B 845 115 3 422 2
B 559 384 4 39 0
B 207 687 0 538 0
B 399 310 1 541 1
B 631 490 4 418 4
B 325 686 2 433 4
B 451 861 0 44 2
B 15 99 0 884 2
C 575 2 3
B 407 358 1 736 3
B 605 594 2 887 1
C 527 0 4
B 787 217 2 414 4
B 502 223 3 125 2
B 589 949 0 787 2
B 566 866 3 753 2
B 647 942 3 321 4
B 15 63 0 546 2
C 407 1 0
C 30 3 3
B 58 39 4 369 2
B 383 141 4 87 1
B 768 311 3 660 3
B 116 366 4 520 1
B 843 682 4 724 4
B 566 78 4 304 2
B 554 86 2 559 4
B 880 304 4 651 0
B 678 165 4 783 4
B 11 488 3 244 1
B 19 670 4 802 0
B 160 438 4 287 1
B 245 905 3 606 4
B 544 801 0 516 2
B 473 326 3 281 4
B 614 346 0 326 2
B 685 97 1 611 1
B 931 236 2 338 4
B 396 388 0 526 4
B 892 110 4 18 1
B 338 110 2 426 1
B 881 360 4 622 3
B 806 806 1 340 2
B 431 445 3 551 2
B 651 587 2 587 4
B 191 761 2 705 2
B 948 714 3 668 4
B 442 16 2 247 1
B 880 798 1 485 4
B 471 433 0 765 2
B 267 343 2 184 2
B 720 219 3 122 3
B 495 649 3 92 4
B 334 395 1 551 4
B 660 874 4 752 3
B 236 395 3 869 2
B 640 278 4 745 4
B 815 89 2 498 2
B 558 804 3 469 3
C 37 2 1
C 22 3 3
B 467 135 0 296 1
B 193 565 3 388 3
B 599 944 1 843 4
B 324 677 1 65 2
B 651 0 2 98 3
B 402 806 2 803 2
C 823 1 0
B 657 477 1 836 2
B 835 436 1 333 0
B 726 46 4 543 0
B 284 898 2 303 1
B 875 906 2 690 1
B 596 912 0 22 2
B 85 294 3 811 0
B 444 626 0 847 1
B 500 76 3 930 0
B 36 209 1 242 0
B 119 144 4 828 3
B 33 77 2 140 3
B 679 397 3 681 4
B 695 500 4 37 1
B 555 776 0 785 4
B 249 56 0 242 3
B 623 614 3 26 2
C 577 2 0
B 577 503 1 392 3
B 56 313 2 234 0
C 656 1 0
B 358 698 0 685 3
B 24 482 1 191 4
B 871 701 4 646 0
B 81 801 2 912 0
B 60 62 2 495 0
B 683 932 0 746 3
B 821 597 1 943 3
B 672 594 1 367 1
B 917 932 2 415 2
B 168 342 1 624 2
B 600 408 3 334 0
