934 2 1000 956
822 1 0
757 1 1
758 1 0
616 0 1
832 0 0
65 1 1
675 1 1
288 0 1
621 0 1
864 1 0
847 0 1
254 0 0
58 1 1
756 1 0
70 0 0
633 0 0
356 1 0
776 1 0
798 1 1
516 0 0
444 1 0
4 0 1
582 1 0
750 1 1
359 0 1
469 0 1
2 1 0
438 1 0
521 1 0
692 1 1
383 0 1
272 0 1
494 1 0
785 1 0
540 1 0
387 0 0
723 1 0
682 1 0
563 0 0
687 0 0
269 0 0
384 1 1
309 1 0
543 1 1
103 0 0
558 1 0
803 1 1
664 1 0
310 1 0
909 0 0
511 0 1
795 0 0
673 0 0
466 1 0
23 0 0
901 0 1
679 1 1
841 0 1
133 0 0
861 0 1
79 1 1
818 0 1
294 0 1
520 1 1
328 0 0
557 1 0
879 1 1
319 0 0
567 0 0
33 0 0
649 1 0
440 0 0
777 0 1
317 0 1
412 0 1
678 0 0
429 1 1
155 0 0
144 0 1
343 0 1
697 1 0
620 1 0
188 1 0
6 0 1
459 1 0
141 1 1
756 0 0
168 0 0
103 1 0
513 0 0
291 0 0
404 0 0
50 0 0
346 0 1
257 0 0
776 0 1
903 1 1
665 0 1
28 0 1
918 0 1
245 1 0
453 1 0
262 1 1
711 1 0
897 1 0
374 0 1
738 0 1
418 1 1
350 1 0
327 1 1
718 1 1
519 0 1
178 1 0
924 0 0
218 0 0
807 0 1
397 1 0
497 1 0
77 1 0
772 0 0
311 1 0
378 1 1
407 1 1
410 0 0
899 0 1
428 0 1
123 0 1
872 1 0
735 1 0
736 0 1
409 0 1
684 1 0
576 0 0
593 1 0
602 0 1
59 0 1
195 0 1
831 0 0
448 1 1
551 0 1
24 1 1
86 0 1
101 0 0
916 0 0
452 1 0
284 0 0
115 0 1
136 0 1
168 1 1
380 0 0
152 1 0
639 1 1
298 0 0
671 0 0
793 0 0
702 1 1
476 0 0
761 0 0
666 1 0
201 1 0
891 1 0
296 0 1
684 0 1
525 0 0
371 1 1
587 1 0
510 1 0
870 0 1
531 0 1
105 1 1
82 1 0
581 0 1
752 0 0
639 0 0
10 1 0
617 1 1
63 0 0
456 1 1
654 0 0
509 0 0
163 0 1
287 0 0
724 0 1
382 1 0
179 1 1
99 0 1
271 1 1
326 0 0
748 1 1
574 0 0
714 0 0
610 0 1
244 1 1
59 0 0
5 0 1
703 1 1
452 0 0
816 0 1
813 0 1
893 0 0
882 1 1
183 0 0
193 0 1
140 0 0
196 0 0
49 1 1
330 0 1
740 0 1
622 0 0
179 0 0
796 1 0
325 0 1
238 1 0
22 1 1
443 1 0
634 1 1
143 1 1
304 1 0
932 0 1
507 1 1
61 1 0
280 0 1
881 1 0
843 0 0
649 0 0
484 0 1
119 0 0
352 0 1
458 1 1
421 1 0
203 1 0
505 0 0
377 0 1
162 0 0
864 1 1
44 1 1
212 0 0
899 0 0
897 1 1
487 0 0
721 0 0
831 1 0
118 1 0
625 0 1
666 1 1
821 0 1
298 1 0
428 1 0
882 0 0
421 1 1
904 1 0
535 1 0
251 0 1
787 0 1
506 0 0
84 1 0
834 0 0
664 0 0
343 0 0
924 1 1
778 1 0
97 0 0
264 1 0
522 1 0
809 1 0
652 1 1
12 0 0
896 0 1
268 0 0
383 1 1
596 1 0
793 1 0
47 1 0
454 1 0
418 0 0
278 1 0
444 0 0
27 1 1
593 0 1
497 1 1
896 1 0
308 0 1
932 1 0
130 0 1
32 0 1
921 0 1
778 0 1
0 1 1
827 0 0
567 1 1
784 0 0
517 1 1
274 1 1
18 1 0
333 0 0
700 0 1
420 1 0
200 1 1
110 1 1
247 1 1
273 1 1
855 0 1
605 1 0
398 1 1
437 1 0
737 1 1
577 0 1
603 0 0
890 0 0
598 0 1
103 1 1
637 0 0
385 0 1
677 0 0
347 1 1
294 1 1
31 0 0
523 1 0
630 0 1
480 0 1
20 0 0
364 0 0
77 1 1
903 0 0
487 1 1
766 0 1
922 1 0
456 0 0
860 0 0
221 0 0
850 0 0
18 0 1
477 1 1
718 1 0
77 0 0
499 1 1
242 0 1
729 0 1
842 1 0
741 1 0
555 1 0
527 0 0
207 1 1
855 1 0
150 0 0
640 0 1
642 0 1
140 0 1
481 1 0
909 0 1
111 1 1
864 0 0
62 1 0
348 1 0
202 0 1
575 0 0
529 0 0
721 1 0
544 0 1
415 1 0
835 0 1
220 1 1
637 0 1
224 0 1
760 1 1
36 1 1
884 0 1
318 0 1
55 0 0
845 0 1
146 0 1
100 0 1
725 1 0
866 1 1
700 0 0
400 1 0
402 1 0
79 1 0
809 1 1
608 1 1
114 1 0
475 1 0
777 1 1
872 0 0
704 0 0
831 1 1
910 1 0
832 0 1
234 0 1
268 1 1
706 0 0
680 0 0
641 0 1
421 0 0
645 1 0
432 1 0
316 0 0
205 0 1
743 1 1
488 0 0
807 1 1
643 1 1
650 0 1
345 1 0
602 1 0
629 1 1
115 1 0
866 0 0
595 1 1
697 0 0
437 0 1
314 1 1
87 1 0
580 0 1
594 0 1
284 1 1
195 1 0
305 1 1
475 0 1
235 1 1
256 0 0
646 1 0
568 0 1
508 1 0
903 1 0
250 1 1
750 0 1
851 1 1
217 1 1
4 0 0
99 1 1
172 1 0
722 1 0
743 0 0
614 1 0
519 1 1
106 0 0
17 0 1
344 0 0
898 1 0
280 0 0
542 1 1
213 0 1
197 1 0
742 0 1
88 1 1
89 0 1
145 1 1
768 0 1
349 0 1
749 1 0
617 1 0
375 1 0
42 1 0
923 0 0
180 1 1
98 0 0
212 0 1
797 0 1
348 0 0
835 1 1
146 0 0
127 1 0
241 1 0
244 0 1
830 1 1
170 0 0
669 1 1
8 1 1
198 0 1
472 0 0
859 1 1
353 1 1
388 0 1
676 0 1
199 1 1
749 0 1
359 1 1
691 1 1
104 0 0
122 1 0
183 1 1
3 1 1
448 0 0
28 1 0
478 1 0
222 0 1
339 0 0
908 1 1
561 0 0
179 0 1
681 1 0
209 1 0
85 0 1
336 0 0
609 1 1
730 0 0
150 0 1
605 0 0
320 1 1
912 0 0
880 1 1
416 0 1
19 1 1
116 0 0
730 1 0
828 0 0
838 1 0
651 1 0
299 1 0
695 1 1
585 0 0
605 0 1
439 0 0
90 0 0
772 0 1
250 0 1
165 0 0
353 1 0
561 0 1
794 1 0
129 0 0
203 0 0
354 0 0
70 0 1
407 0 1
167 0 0
317 0 0
300 1 0
555 0 1
357 1 0
482 0 0
817 1 0
431 0 1
453 0 0
268 1 0
529 0 1
686 1 1
520 0 0
870 1 1
438 1 1
846 1 0
24 0 0
548 0 1
698 1 1
332 0 1
416 1 0
547 0 0
465 1 0
559 1 1
823 1 1
146 1 1
914 0 1
913 0 1
415 0 1
157 0 1
17 1 1
372 1 0
702 0 1
641 1 0
736 1 0
508 1 1
776 1 1
117 0 0
632 0 1
718 0 0
165 0 1
288 0 0
661 0 1
277 0 0
148 0 1
579 0 0
599 0 1
727 0 1
886 1 1
133 0 1
201 0 0
346 1 1
794 1 1
324 1 0
301 1 0
549 1 1
187 0 1
925 1 0
848 1 1
63 1 0
33 1 0
542 0 1
216 1 1
912 1 0
152 0 0
926 1 1
128 0 0
7 1 0
471 1 0
23 1 0
589 1 1
29 0 0
500 0 0
65 0 0
112 0 0
519 0 0
463 0 0
44 0 1
538 0 1
402 0 1
788 0 1
565 0 0
122 0 0
607 0 0
228 0 0
623 1 1
33 0 1
131 1 0
58 1 0
205 0 0
735 0 1
344 1 0
552 1 0
21 1 1
478 0 1
813 1 1
701 1 0
109 0 0
586 0 1
631 1 1
575 1 1
888 0 1
127 0 0
793 1 1
108 0 0
223 1 1
140 1 1
782 1 1
373 1 0
159 1 1
699 1 1
768 1 1
38 0 0
656 0 0
628 1 1
819 0 0
620 1 1
29 0 1
186 1 0
874 0 0
562 1 0
767 1 0
13 1 0
927 1 0
834 1 1
826 1 1
137 1 1
69 1 1
180 1 0
750 1 0
538 1 1
761 0 1
668 0 1
563 1 1
163 1 1
583 0 0
381 1 0
406 1 0
365 1 0
45 1 0
513 0 1
708 1 0
95 1 1
410 1 0
889 0 1
654 0 1
265 0 0
751 1 0
726 1 0
269 1 0
206 0 1
797 1 1
534 1 0
732 1 0
402 0 0
193 1 0
749 0 0
610 0 0
61 1 1
565 1 1
844 0 1
700 1 1
355 1 1
194 1 1
468 1 1
101 1 0
161 0 0
326 1 0
496 1 0
279 1 0
904 1 1
532 1 0
906 0 0
744 1 1
746 1 1
521 1 1
660 0 1
10 0 0
576 1 1
449 0 0
318 1 1
321 0 0
403 1 0
292 0 0
832 1 1
92 0 0
607 1 1
394 1 0
100 1 0
577 0 0
99 1 0
499 0 1
629 1 0
468 0 1
451 0 0
160 1 0
100 1 1
706 1 0
411 1 1
752 0 1
262 0 0
72 0 1
467 1 0
537 0 1
800 0 1
592 0 1
765 1 0
678 1 1
208 0 0
545 0 1
76 1 0
57 0 1
220 0 1
693 0 0
435 0 1
869 1 1
265 1 1
649 0 1
192 0 1
85 0 0
433 1 1
337 1 1
556 1 0
811 0 1
680 0 1
921 1 0
31 1 1
330 1 1
20 0 1
853 1 1
390 0 1
257 1 0
256 1 1
772 1 0
317 1 0
675 0 1
888 1 0
476 1 1
51 0 0
740 0 0
81 0 1
643 0 0
779 1 1
173 0 0
346 1 0
74 1 1
466 0 0
806 0 1
291 1 0
556 0 1
147 1 1
642 1 1
228 0 1
774 1 1
100 0 0
683 0 0
17 1 0
432 0 1
279 0 1
412 0 0
196 1 1
461 0 0
36 0 1
325 1 0
273 0 0
169 0 1
917 1 1
616 0 0
650 0 0
714 1 0
171 0 1
304 0 0
819 0 1
931 0 0
850 1 0
749 1 1
318 0 0
378 1 0
388 1 1
448 1 0
798 0 0
785 0 0
235 1 0
207 0 0
674 1 1
571 0 1
39 1 1
658 1 1
383 1 0
445 1 1
538 1 0
784 1 1
767 0 0
886 0 1
257 1 1
334 1 0
356 1 1
176 0 0
81 1 1
580 0 0
767 0 1
219 0 1
145 0 0
127 0 1
689 1 1
725 0 1
286 0 0
900 0 0
357 0 0
356 0 0
459 1 1
69 0 0
745 1 1
478 0 0
13 1 1
75 0 1
769 1 1
208 0 1
362 1 0
455 0 0
292 0 1
427 0 1
365 0 1
305 0 1
522 1 1
142 0 0
712 1 0
676 1 0
682 0 1
21 0 0
419 1 1
504 1 0
47 1 1
744 1 0
547 1 1
559 0 1
535 0 1
14 0 0
291 0 1
652 0 1
406 0 0
928 0 0
775 0 1
690 0 1
839 0 1
650 1 0
132 1 1
168 1 0
629 0 0
612 0 0
49 0 0
46 1 0
667 1 1
634 0 0
313 0 1
776 0 0
232 1 0
898 0 1
414 0 1
145 0 1
568 0 0
57 1 0
592 1 1
858 0 1
64 0 1
585 1 1
239 0 0
618 0 1
862 1 0
344 1 1
341 0 0
715 0 0
880 0 0
48 0 1
586 0 0
247 0 1
899 1 0
475 0 0
549 1 0
282 1 0
329 1 1
399 1 0
16 1 0
243 1 1
135 1 0
759 1 1
805 1 1
215 0 1
608 0 1
763 1 0
362 1 1
340 1 0
137 0 0
633 0 1
778 1 1
837 1 0
825 1 1
925 0 1
239 0 1
166 0 0
86 1 1
327 1 0
799 1 0
609 1 0
395 1 0
439 1 0
657 1 0
39 0 1
375 0 0
111 1 0
46 0 1
369 1 1
206 1 1
437 0 0
74 0 0
117 1 1
147 1 0
537 1 1
854 1 1
571 1 0
567 1 0
458 1 0
865 1 0
933 0 1
98 0 1
231 1 1
686 0 0
572 1 1
905 1 1
906 0 1
479 1 0
418 0 1
430 1 1
600 0 0
77 0 1
301 0 0
29 1 0
596 0 1
246 0 0
822 0 0
873 0 1
120 1 0
196 1 0
517 0 0
232 0 0
10 0 1
159 0 0
726 1 1
214 1 1
6 1 0
266 0 0
761 1 0
385 0 0
841 1 1
485 1 0
95 0 1
299 0 1
285 0 1
710 1 0
926 0 0
444 1 1
162 0 1
227 0 0
418 1 0
269 0 1
569 0 1
393 1 1
40 1 0
638 1 1
930 0 0
322 0 1
481 0 1
604 0 0
189 0 0
B 634 20 1 32 1
B 714 853 1 856 1
B 591 407 0 487 0
B 802 187 1 605 0
C 257 0 0
B 180 309 0 66 1
B 416 116 0 259 1
B 666 681 0 336 0
C 395 0 1
B 25 392 0 492 0
B 447 131 1 645 1
C 893 1 0
B 239 446 0 10 1
B 744 751 0 221 0
B 670 475 0 445 1
B 690 883 0 449 0
B 177 557 1 173 0
C 257 1 0
B 576 397 1 146 1
B 638 402 1 130 0
B 553 918 0 765 0
B 36 875 1 316 1
B 690 592 0 489 0
B 780 458 0 305 1
B 831 152 1 461 1
B 747 31 0 302 1
B 692 767 1 852 0
B 737 52 0 333 0
B 86 921 0 885 0
B 755 883 1 512 1
B 458 770 0 32 1
B 914 867 0 743 0
B 127 737 0 847 0
B 677 148 0 874 1
B 187 88 1 811 1
B 299 712 0 608 1
B 523 401 0 741 0
B 731 585 1 68 0
C 131 0 1
B 332 384 1 335 0
B 473 446 1 541 1
B 231 489 0 833 1
B 906 74 1 875 0
B 489 590 1 17 1
B 634 759 0 65 0
B 649 202 1 269 0
C 320 1 1
B 238 528 0 54 1
B 318 275 1 269 0
B 761 132 0 694 1
B 570 123 0 863 0
B 295 153 0 516 0
C 709 0 1
B 821 464 1 376 1
B 217 696 1 711 0
C 656 1 0
B 3 692 0 870 1
B 798 167 1 680 0
B 112 424 1 180 0
B 607 378 1 579 0
B 706 760 0 735 0
B 864 660 1 234 0
B 102 502 1 826 0
B 595 99 1 685 1
B 103 684 0 932 1
B 329 491 0 429 1
B 134 392 1 438 1
B 254 255 1 673 0
B 447 625 0 350 0
B 601 399 1 322 0
B 553 608 1 257 1
B 341 126 0 190 0
B 72 365 0 12 1
B 764 335 1 13 0
B 390 511 1 854 0
B 873 427 0 405 0
B 463 378 1 634 0
C 347 1 0
B 513 587 0 454 1
B 348 686 0 694 0
C 601 1 0
C 271 0 0
B 143 435 1 431 1
B 265 391 0 914 1
C 222 1 1
B 274 798 0 868 1
B 336 3 1 690 1
B 629 108 1 702 1
B 914 296 0 51 1
B 8 591 0 425 0
B 308 193 0 118 0
B 468 869 0 598 0
C 860 0 1
B 831 758 0 622 1
B 594 923 1 661 0
B 337 78 1 854 0
B 459 117 0 73 1
B 909 367 1 921 1
B 78 154 0 633 0
B 788 330 1 325 1
B 419 854 1 774 0
B 45 513 1 220 0
B 826 815 1 235 0
C 320 0 1
B 408 400 0 449 1
B 394 286 0 431 1
B 859 305 0 469 1
B 792 848 0 121 0
B 317 293 1 608 0
B 423 868 0 437 0
C 241 1 0
B 636 717 1 256 0
B 868 661 0 109 1
B 768 666 0 548 0
B 490 113 1 359 0
B 315 619 0 460 0
C 753 0 0
B 813 922 0 748 0
C 759 0 0
B 291 349 0 378 0
B 756 885 1 279 0
C 583 1 1
B 824 83 1 317 0
B 569 576 1 47 1
B 265 879 1 802 0
B 385 700 1 656 1
B 814 494 0 106 0
B 909 209 1 59 0
B 79 92 1 112 1
B 396 461 1 21 1
C 892 1 1
C 202 1 0
B 624 117 0 469 1
B 411 230 1 588 1
B 477 655 0 465 1
B 611 427 1 224 0
C 298 0 0
B 729 48 1 122 0
B 852 431 1 272 0
B 365 679 0 383 0
B 291 402 0 753 0
B 452 605 0 218 0
B 156 280 1 181 0
B 383 791 1 933 1
B 160 808 1 560 0
B 246 575 0 750 0
C 218 1 0
B 170 739 0 351 1
B 234 320 0 419 0
C 130 0 1
C 822 1 1
B 598 98 1 134 1
C 901 0 0
B 412 365 0 60 1
B 729 911 1 710 1
B 756 502 1 901 0
B 15 739 1 107 1
B 480 22 1 888 0
B 815 835 1 787 1
B 166 617 1 860 1
C 650 1 0
B 358 44 1 484 1
B 291 739 0 714 1
B 902 310 0 450 1
B 833 273 0 778 1
B 227 741 1 910 0
B 505 476 0 206 0
C 92 0 1
B 534 498 1 144 0
B 844 662 1 631 1
B 20 755 1 350 1
B 33 680 0 239 1
B 11 47 0 808 1
B 434 700 0 92 0
B 85 772 0 577 0
B 63 349 0 224 0
B 627 339 0 248 1
B 471 781 1 919 1
B 823 909 1 41 1
B 216 140 1 266 0
B 891 85 1 73 0
C 553 0 1
B 183 910 1 410 1
B 304 627 0 509 0
B 791 301 1 433 1
B 559 204 1 337 1
B 617 326 0 580 1
B 431 425 0 295 0
B 726 913 0 794 1
C 205 1 1
B 557 125 1 295 0
C 502 1 0
B 635 155 0 602 0
B 304 492 0 440 1
B 899 94 1 461 0
B 883 611 1 446 1
B 347 281 1 277 0
B 865 59 0 379 0
B 709 123 0 702 0
B 753 64 1 638 0
B 551 819 0 485 1
B 496 730 1 679 1
B 31 119 1 615 0
B 772 126 0 896 0
B 676 343 1 303 1
B 175 610 0 886 1
B 303 273 1 61 1
B 659 693 0 372 0
B 177 744 0 602 1
B 846 48 1 387 0
B 385 838 0 587 1
B 193 439 1 22 1
C 160 1 1
B 480 476 1 741 1
B 208 273 0 33 0
C 837 0 1
B 430 693 0 711 0
C 859 1 1
B 134 791 1 409 1
B 711 601 0 30 0
B 169 185 0 414 1
B 802 317 1 226 1
B 337 144 0 540 1
B 546 382 0 840 0
B 670 844 0 763 0
B 97 373 1 402 0
C 705 1 1
C 361 1 1
B 445 120 1 195 0
B 28 546 1 886 1
B 408 96 0 209 1
B 852 824 1 446 0
B 163 537 1 505 1
C 453 0 1
C 71 0 0
C 892 0 1
B 247 672 1 152 0
B 927 130 0 722 1
B 849 166 0 730 0
B 699 698 0 37 1
B 360 855 1 500 1
B 441 669 1 732 1
B 809 158 0 880 1
B 673 181 1 915 1
B 836 555 1 667 0
B 725 879 1 364 1
B 98 133 0 776 0
B 796 910 1 543 0
B 382 411 1 359 1
B 635 639 1 491 0
B 490 198 0 114 0
B 608 461 0 916 0
C 870 1 1
B 810 250 1 393 0
B 507 917 0 101 1
B 771 358 0 590 1
B 72 373 1 5 0
B 806 730 1 162 1
B 866 819 0 855 1
B 157 667 1 884 1
B 902 729 1 191 0
B 601 94 0 26 1
B 391 741 1 236 0
B 586 457 0 891 0
B 546 857 0 763 1
B 908 154 1 588 1
C 754 0 0
B 72 166 0 735 1
B 842 399 1 96 0
B 231 664 1 604 0
B 519 900 0 768 0
B 729 180 1 196 1
C 343 1 1
C 518 1 1
B 485 101 0 208 0
B 771 270 0 557 1
B 861 294 0 768 0
B 679 132 0 724 1
B 874 587 0 737 0
B 558 419 0 856 1
C 720 1 1
B 769 56 1 325 0
B 90 514 1 864 1
C 193 1 1
B 97 554 0 288 0
B 262 440 0 275 1
B 141 240 0 835 0
B 487 456 1 584 0
C 148 0 0
B 237 860 1 366 0
B 457 194 1 49 0
B 909 50 0 534 1
B 178 908 1 15 0
B 489 404 0 501 0
B 725 388 1 92 0
B 379 721 1 619 0
B 829 603 1 692 0
B 512 737 0 698 0
C 200 0 0
B 793 853 1 780 0
B 841 747 0 219 1
B 733 540 0 746 0
B 846 162 0 882 0
B 431 875 0 273 0
C 264 1 1
B 443 12 1 37 0
B 281 864 0 263 1
B 703 828 1 786 1
C 266 1 0
B 853 835 0 217 1
B 325 156 0 22 0
B 244 686 1 661 0
B 295 301 0 630 1
B 918 513 1 374 0
B 481 804 0 57 0
B 802 167 0 107 0
B 450 628 1 685 1
B 694 88 0 503 0
B 602 818 0 805 1
B 539 239 1 922 1
C 439 1 0
B 268 221 1 591 0
B 93 785 1 243 1
C 86 0 0
B 102 427 0 401 1
B 254 478 0 77 1
B 912 257 1 825 1
B 56 204 1 504 0
B 799 263 1 46 0
B 412 755 0 663 1
B 423 591 0 609 0
B 590 838 0 334 0
B 625 164 1 635 1
C 761 0 1
B 744 780 0 340 1
B 40 99 1 482 0
C 729 0 0
B 536 874 0 80 1
B 178 498 0 765 1
B 852 516 1 929 0
B 610 707 0 347 1
C 782 1 0
B 349 365 0 436 0
B 667 225 1 538 0
B 905 215 0 119 1
B 327 362 1 244 1
C 706 1 0
B 886 354 0 230 0
C 72 1 0
B 819 653 0 155 0
B 598 402 0 455 1
C 788 1 1
B 30 490 0 756 1
B 896 173 1 312 0
C 21 1 0
B 98 229 0 560 1
B 777 259 0 463 0
B 543 501 1 588 1
B 874 680 0 899 0
B 28 169 0 445 1
B 218 869 0 419 1
B 68 99 1 440 0
C 168 1 1
B 42 555 0 322 0
B 427 203 0 761 1
B 235 59 1 690 1
B 793 730 1 635 1
B 734 856 1 920 1
B 449 274 0 73 0
B 641 268 1 87 0
B 553 504 1 396 0
B 863 136 0 177 0
B 363 703 0 231 1
B 90 770 1 505 1
B 45 58 1 663 1
B 929 591 1 807 0
B 285 727 0 654 0
B 846 513 1 479 1
B 228 93 1 664 0
B 838 903 0 539 1
B 739 364 0 761 1
B 847 53 0 334 0
C 166 1 1
B 101 483 0 850 1
B 253 80 1 89 1
B 580 648 1 575 0
B 170 81 1 715 0
B 783 99 1 16 0
B 297 450 0 785 1
B 467 468 1 564 0
B 823 796 0 623 1
B 141 209 0 166 1
B 241 667 1 193 0
B 912 328 1 160 0
B 765 196 1 345 0
B 325 268 0 136 1
B 70 57 1 435 0
B 727 628 1 252 1
B 628 379 1 229 1
B 708 646 1 66 1
C 439 0 0
B 325 893 1 672 1
B 35 821 1 262 0
C 908 1 0
B 560 816 1 586 1
B 804 797 0 906 0
B 857 350 0 23 1
B 654 589 0 376 0
B 906 860 0 806 1
C 565 1 1
B 411 260 1 80 0
B 423 816 0 47 1
B 134 295 0 386 0
B 924 893 1 344 1
C 480 0 0
B 933 151 1 450 0
B 810 124 1 38 1
C 227 0 1
B 459 933 0 303 0
B 154 212 0 295 0
C 197 1 0
C 888 0 1
B 899 622 0 519 1
B 26 114 0 810 0
B 105 404 1 376 0
B 813 288 0 645 0
B 4 656 0 135 0
B 717 215 1 673 1
B 443 712 0 913 1
C 404 0 0
C 728 1 1
B 338 806 0 142 1
B 898 792 0 297 1
B 921 853 0 691 0
B 757 874 0 759 1
C 723 1 0
B 776 112 0 702 1
C 898 1 1
B 204 866 1 90 1
B 328 775 1 919 1
B 692 241 1 760 1
B 700 14 0 68 0
B 436 244 0 162 1
B 871 864 1 36 1
B 571 148 0 639 0
B 517 195 0 721 1
B 632 406 1 276 1
B 455 901 0 69 1
B 359 146 1 648 0
B 456 931 1 799 0
B 400 426 0 817 0
B 824 764 1 276 0
C 144 1 1
B 457 597 0 247 1
B 312 398 0 37 1
B 224 427 1 687 1
B 117 224 0 695 0
B 408 373 1 161 0
C 7 0 0
B 459 802 1 539 0
B 159 911 0 542 1
B 738 628 1 726 0
B 738 341 1 97 0
B 231 857 1 298 0
B 61 700 0 650 1
C 520 1 1
B 382 744 0 174 0
B 40 619 0 569 1
B 302 98 0 378 1
B 715 709 0 224 0
B 308 918 1 463 1
C 291 1 0
B 361 842 0 71 1
B 198 825 1 182 0
B 500 799 1 493 1
B 700 107 1 345 0
B 588 499 1 261 1
B 527 865 1 517 0
B 488 663 1 462 1
B 623 426 0 816 0
B 770 353 0 362 0
B 434 697 1 625 0
B 241 721 1 296 0
B 884 333 1 434 1
B 666 100 1 857 0
B 300 840 0 4 0
B 191 821 1 443 0
C 270 0 1
B 562 393 1 158 0
B 509 67 0 792 0
B 56 591 0 135 0
C 157 0 1
B 364 473 0 862 1
B 424 739 0 545 0
B 44 343 0 65 0
B 151 678 0 774 0
C 557 0 1
B 577 661 0 35 1
B 327 214 0 19 1
B 650 826 1 155 0
B 88 459 1 373 0
C 842 1 0
B 312 419 1 473 1
B 794 490 1 173 0
B 319 465 0 293 1
B 721 749 0 661 1
B 668 318 1 658 1
B 896 798 0 510 1
B 362 263 1 160 0
B 548 691 1 635 0
B 879 74 1 608 1
B 344 409 1 520 0
B 159 533 1 911 1
B 933 183 1 238 1
B 625 866 1 592 1
B 158 335 0 483 0
B 75 358 1 190 0
B 321 491 0 602 0
B 515 885 0 369 0
B 418 186 0 238 0
B 544 459 0 556 0
B 341 557 0 624 0
C 855 1 1
B 533 112 0 781 1
C 929 0 0
B 63 879 1 680 0
B 649 580 1 277 1
B 387 214 1 396 0
B 892 343 1 926 0
B 633 896 1 519 0
B 748 627 1 394 1
B 362 437 1 672 1
B 20 373 0 615 1
B 581 74 0 389 1
B 151 769 1 442 0
C 409 0 0
C 197 0 1
B 593 679 1 593 1
B 925 73 0 257 1
B 1 807 1 517 1
B 7 695 0 670 1
B 12 898 0 853 0
B 266 255 1 789 0
B 873 124 0 654 0
C 800 1 0
B 772 833 0 747 1
C 136 1 0
B 396 72 0 696 1
B 867 414 0 87 1
C 758 1 0
B 122 208 1 227 1
C 419 1 1
B 425 609 1 922 1
B 403 466 0 932 1
C 143 1 1
B 297 784 1 648 1
B 642 161 1 278 0
B 53 674 1 440 1
B 515 404 0 411 1
C 252 0 1
B 319 375 0 352 0
B 253 92 0 799 1
B 147 609 0 183 1
B 132 501 1 131 1
B 631 576 1 101 0
B 250 309 1 464 0
C 25 1 0
B 651 16 0 401 0
B 249 399 0 542 0
C 552 1 1
B 288 210 0 388 0
B 532 144 1 932 0
B 684 496 0 798 0
C 7 0 0
B 279 450 0 756 0
B 655 105 0 838 0
B 280 428 0 734 1
C 162 0 1
B 278 490 1 827 0
B 323 420 0 291 0
C 881 0 1
B 145 864 0 598 0
C 490 0 0
C 282 1 1
C 90 0 0
B 692 146 0 657 0
B 578 291 0 332 0
B 696 498 1 763 0
B 506 589 1 324 0
B 120 502 0 882 1
B 149 329 0 746 1
C 637 0 0
B 304 580 0 761 0
B 870 31 0 397 0
C 740 0 0
B 162 65 0 824 0
B 897 621 0 531 0
B 828 385 1 830 0
B 855 499 1 586 1
B 735 168 1 500 0
B 162 879 0 631 0
B 491 238 0 871 1
B 256 653 1 851 0
B 742 775 0 484 0
B 765 54 0 502 1
B 201 76 0 29 1
B 19 360 1 72 0
B 220 304 1 673 0
B 471 99 1 871 0
B 617 785 0 863 0
B 783 433 0 538 0
B 580 204 1 155 1
B 179 24 0 41 0
B 104 224 1 238 1
C 147 1 1
B 749 738 1 105 1
B 363 15 1 360 0
C 254 0 0
B 877 159 0 603 0
B 782 155 1 654 1
B 506 587 0 542 0
C 618 1 1
B 298 711 0 507 1
B 115 726 1 434 0
B 494 374 1 120 1
C 707 1 1
B 490 928 0 689 1
B 422 22 1 229 1
C 345 1 0
B 344 749 0 348 1
B 33 739 1 852 1
B 790 764 1 806 1
B 458 239 0 156 1
B 807 569 1 249 0
B 299 550 1 639 1
B 345 110 1 716 1
B 408 429 1 776 1
B 621 674 0 828 1
B 835 931 1 903 0
B 230 924 0 730 0
B 771 654 1 147 0
B 556 203 0 312 0
C 410 0 0
B 222 903 1 704 0
B 69 217 1 210 0
B 594 777 0 496 0
B 32 669 0 750 1
B 694 465 1 434 0
B 486 860 1 413 1
B 872 125 1 517 0
B 293 191 1 448 0
B 363 205 1 29 0
B 686 304 1 178 0
B 201 299 1 232 1
C 834 0 1
B 872 535 0 374 0
B 134 60 1 539 1
B 343 164 0 39 1
B 557 700 0 435 0
B 7 340 1 410 1
C 923 1 1
B 87 577 0 473 1
B 214 759 1 269 1
C 597 0 1
B 359 604 1 340 1
C 860 1 0
B 511 576 1 367 0
B 515 571 0 734 1
B 443 253 1 111 0
B 416 755 0 800 0
B 79 747 0 644 1
B 550 451 1 351 0
B 738 426 0 418 1
B 822 567 1 783 0
B 122 273 1 740 1
B 694 878 1 184 0
B 545 802 0 275 1
B 356 231 1 753 0
B 247 733 0 570 1
B 579 778 1 211 1
B 585 865 0 568 1
B 784 315 0 452 0
B 929 717 0 520 1
B 770 678 1 649 1
B 180 552 1 536 1
B 616 553 0 595 1
C 30 0 1
C 608 0 1
B 209 753 0 178 1
B 773 574 1 268 1
C 814 1 0
B 36 773 1 492 1
B 833 402 1 162 1
B 649 814 1 696 0
B 227 222 1 426 1
B 5 598 0 138 1
B 587 114 1 234 1
B 286 837 1 560 0
B 438 725 1 917 0
B 1 894 0 830 0
B 650 223 0 689 0
B 371 900 1 279 1
B 770 265 0 863 0
C 897 0 1
B 260 47 1 134 1
B 903 18 0 638 0
B 563 212 0 390 1
B 171 76 0 452 1
B 805 193 1 477 0
B 188 933 1 872 0
B 519 572 0 13 0
B 831 847 1 27 1
B 233 461 1 429 1
B 822 646 1 302 0
B 791 271 0 346 0
B 180 661 0 461 1
B 507 185 0 915 0
C 501 1 0
B 689 636 1 290 1
B 327 483 0 294 0
B 622 564 1 556 1
B 898 632 0 392 0
B 277 279 0 753 1
B 639 510 1 646 1
B 290 537 0 173 1
C 845 0 1
B 526 373 1 475 1
B 877 730 0 335 0
B 651 250 1 158 1
B 139 915 0 586 1
B 537 359 0 39 1
B 920 311 1 518 1
B 158 905 1 297 0
B 927 562 1 585 1
B 546 343 1 584 1
B 903 62 0 456 1
B 368 295 1 892 0
B 259 324 0 520 1
B 605 676 0 240 0
B 621 195 1 348 1
B 460 899 0 150 0
B 385 437 0 588 0
B 349 713 1 23 0
B 861 237 1 538 1
B 491 211 1 638 1
B 203 645 0 720 1
B 191 411 0 281 0
B 87 297 1 98 1
B 316 43 1 343 1
B 22 203 0 39 1
B 627 784 1 639 0
B 834 710 1 218 0
B 255 667 0 433 0
B 104 39 1 458 0
B 610 931 0 817 0
B 809 412 1 522 1
B 47 449 1 826 1
B 272 363 0 500 1
C 254 0 0
B 4 689 0 434 1
B 915 148 1 853 1
B 275 794 1 109 1
B 204 316 1 929 1
B 587 166 0 414 0
B 106 393 0 537 0
B 269 98 0 246 0
C 73 1 1
B 580 707 0 888 1
B 606 894 1 929 1
B 867 825 0 92 0
B 675 761 1 767 0
B 586 676 1 323 1
B 515 818 1 516 0
B 540 577 1 927 1
B 232 907 0 752 1
B 154 269 0 391 1
B 139 2 1 162 0
B 124 156 1 689 0
B 691 598 1 774 1
B 326 179 1 130 0
B 759 312 0 623 1
B 624 746 1 727 1
B 106 302 0 77 1
B 397 411 0 600 0
B 153 643 1 86 0
B 550 130 1 855 1
B 79 209 0 913 0
B 311 215 0 431 0
B 642 586 1 578 0
B 334 38 0 850 1
B 756 522 0 916 1
B 757 507 1 395 1
B 47 178 0 436 1
B 32 726 1 10 0
B 576 489 0 448 0
B 92 202 1 891 1
B 129 343 1 824 0
B 698 154 1 364 1
B 386 334 0 108 0
B 173 552 0 678 0
B 428 342 0 578 1
B 734 155 0 796 0
B 786 896 0 477 1
B 496 546 0 703 1
C 280 1 0
B 156 543 0 377 1
B 713 865 1 410 0
B 430 647 1 46 1
B 37 467 1 504 0
B 297 283 0 73 0
B 403 410 1 853 0
B 786 700 1 576 0
B 488 257 0 553 0
B 334 312 1 404 0
B 598 314 1 780 0
B 445 133 1 888 1
B 102 556 0 648 0
B 200 388 0 179 1
B 623 564 0 403 1
B 658 423 0 345 1
B 405 484 1 919 1
B 492 711 1 339 1
B 790 302 1 56 0
B 32 78 0 25 1
B 773 837 1 811 0
B 96 109 0 608 0
B 409 680 1 468 1
B 211 25 0 463 0
B 613 593 1 616 1
B 652 1 0 444 0
B 493 426 1 884 1
B 461 420 0 148 1
C 166 0 1
B 45 682 1 383 0
B 247 153 1 362 1
B 186 163 0 67 0
B 502 774 0 279 1
B 397 385 1 312 0
B 456 350 1 393 0
B 187 681 1 453 0
B 580 299 0 110 0
C 667 1 1
B 732 632 1 12 0
B 774 265 1 687 0
B 555 834 0 104 1
B 872 438 1 325 0
B 400 919 0 71 0
C 628 1 0
B 816 202 0 163 0
B 907 681 1 133 0
B 765 227 0 558 0
B 673 398 1 493 1
C 433 1 0
B 239 256 1 192 0
B 441 54 0 6 1
B 283 311 0 404 0
B 761 401 0 220 0
B 26 85 0 562 0
B 518 391 1 721 1
C 30 0 1
B 540 397 1 115 1
B 756 438 0 639 0
B 766 793 1 422 0
B 281 50 1 901 0
C 134 1 1
B 408 36 1 460 1
B 701 81 1 228 0
B 656 707 0 394 0
B 605 520 0 700 0
B 8 354 1 99 0
B 117 470 1 683 0
B 291 477 0 238 1
B 211 564 0 330 1
C 26 0 1
B 528 518 0 918 1
B 602 230 1 334 0
B 679 380 1 910 1
B 226 498 1 284 0
B 163 696 1 789 0
B 194 230 0 71 1
B 284 176 0 794 1
B 246 741 0 37 0
B 506 479 0 711 0
B 182 661 0 753 1
B 667 928 1 763 0
C 39 0 1
C 232 0 1
B 846 726 1 67 1
B 475 617 1 364 0
B 57 166 1 740 0
B 879 466 1 814 0
B 905 867 1 50 1
B 364 513 0 470 0
B 200 810 0 589 0
B 150 772 1 393 0
B 471 92 0 243 1
B 801 826 0 105 1
B 758 639 1 372 0
B 917 508 1 443 0
B 638 22 1 134 1
B 230 277 1 379 0
B 232 813 0 61 1
B 318 795 1 538 0
B 651 555 0 599 0
B 68 384 1 556 0
B 149 395 0 0 0
B 771 837 1 385 0
C 249 1 1
B 732 862 0 541 1
B 850 789 0 251 0
B 832 500 0 692 0
B 319 658 0 379 0
B 183 223 0 260 1
B 253 865 1 921 1
B 845 387 0 721 1
B 287 184 0 576 1
B 322 645 1 495 1
B 515 537 1 877 0
B 160 185 1 54 0
B 799 464 0 544 0
B 703 390 1 499 0
B 13 800 1 845 1
B 458 28 1 311 1
C 321 0 0
B 576 257 0 785 1
B 909 447 1 653 1
B 498 74 0 497 0
B 202 755 0 748 1
B 10 363 0 269 0
B 454 710 0 432 0
B 486 691 1 569 1
C 460 1 1
B 898 219 1 356 1
B 167 392 1 163 0
B 659 255 0 889 1
B 770 513 1 210 1
B 160 258 0 442 1
B 9 381 0 676 0
B 647 908 1 553 0
B 544 88 0 630 1
C 576 0 1
B 661 700 1 367 1
B 820 813 1 441 1
B 558 747 1 206 0
B 869 48 1 876 1
B 566 230 1 263 1
B 527 347 1 13 1
B 170 14 0 12 1
B 468 529 1 348 1
B 478 165 1 547 0
B 443 526 1 445 1
B 400 703 0 159 1
B 437 404 0 33 1
B 549 802 0 872 0
B 563 605 1 758 0
B 388 269 0 212 1
