662 2 1000 984
386 0 0
659 1 1
463 1 1
494 0 0
550 1 1
304 0 0
323 1 1
471 1 1
444 1 0
42 1 1
197 1 0
643 1 1
399 1 1
401 1 1
661 1 1
337 1 1
612 1 0
25 0 0
115 0 0
248 1 1
271 1 0
345 0 1
223 1 0
634 0 1
251 1 0
407 1 1
481 0 1
511 1 0
211 1 1
252 1 0
657 0 1
462 0 1
596 1 0
547 1 1
11 0 0
478 1 1
269 1 0
81 0 1
479 1 1
85 1 1
217 1 1
171 1 0
336 0 1
622 1 1
509 1 1
524 1 1
166 0 0
168 0 0
374 0 0
419 0 0
168 1 1
571 0 0
316 0 1
568 0 0
625 0 0
265 1 0
393 1 1
362 0 1
472 0 0
266 0 0
165 0 1
602 1 1
10 1 0
549 1 0
180 1 1
633 0 1
620 1 0
384 1 1
541 0 1
530 0 0
469 1 0
309 1 1
183 0 1
319 1 1
620 1 1
64 0 1
584 1 1
234 1 0
214 1 1
515 0 1
452 1 1
425 0 1
142 1 1
397 1 1
538 1 1
130 0 1
263 0 1
70 0 1
381 0 0
54 0 0
459 1 0
41 0 0
198 0 1
186 0 1
647 0 1
591 1 0
378 0 1
181 0 0
270 0 0
62 1 0
550 0 1
228 1 1
66 1 1
222 1 1
224 1 1
65 0 0
236 0 1
387 1 1
364 0 1
435 0 0
586 1 0
331 1 0
621 1 0
164 1 0
375 0 1
533 1 0
123 1 1
240 1 0
87 0 1
149 1 0
196 1 0
400 1 0
577 0 0
551 1 1
489 1 0
602 0 1
188 0 0
568 1 0
363 1 0
48 1 0
450 0 0
436 0 1
217 0 1
545 0 0
190 1 0
17 0 0
197 0 1
395 0 0
146 0 1
501 1 1
504 0 0
433 1 0
634 1 0
255 0 1
565 1 0
6 1 0
164 0 1
115 1 1
429 1 1
32 1 0
489 1 1
432 0 0
443 0 1
428 1 0
40 0 1
568 1 1
347 1 0
72 1 1
149 1 1
631 1 1
654 0 0
38 0 1
80 0 1
264 0 1
199 0 1
54 1 1
572 1 1
171 1 1
382 0 0
653 0 0
358 1 0
422 1 1
361 0 0
396 1 1
27 0 0
458 0 0
306 1 1
475 1 0
176 0 0
153 1 0
531 0 1
463 0 1
452 1 0
227 0 1
535 1 0
385 1 0
334 1 1
212 0 1
294 0 0
349 1 1
129 0 1
324 1 0
86 1 0
143 0 0
137 1 1
296 1 0
125 0 1
634 0 0
152 1 0
648 1 1
539 0 1
487 1 0
454 0 0
34 0 1
298 1 0
546 1 0
572 1 0
423 0 0
111 1 0
340 1 0
14 0 1
639 1 1
106 0 0
152 0 0
108 1 1
308 1 0
480 0 0
275 1 1
238 1 0
400 1 1
450 1 0
270 1 1
401 0 0
595 0 1
371 0 1
316 1 1
163 0 0
273 1 1
349 1 0
154 1 1
213 1 1
414 0 0
446 0 0
54 1 0
182 1 0
446 1 0
198 1 0
155 1 1
445 0 0
453 1 0
369 1 0
252 0 1
543 0 1
416 1 1
376 1 0
320 0 0
337 0 0
340 0 1
326 1 1
215 1 0
436 1 0
353 0 0
81 0 0
381 1 1
78 0 0
407 0 0
261 1 0
41 1 0
644 1 1
320 0 1
58 1 0
151 1 0
409 0 0
293 1 0
138 0 0
645 0 1
269 0 0
277 1 0
86 0 1
296 0 1
431 0 0
516 1 1
119 0 1
563 0 0
565 1 1
354 1 0
342 1 1
77 0 1
566 0 1
126 0 0
208 1 1
176 1 0
351 1 0
542 1 1
399 0 1
503 1 1
606 0 1
82 1 1
637 0 1
242 0 0
224 1 0
651 0 0
597 0 1
455 0 1
556 0 0
345 0 0
244 1 1
410 1 0
345 1 0
422 0 0
284 0 0
592 0 0
204 1 0
562 1 1
124 0 0
392 0 1
462 1 0
303 0 1
437 1 1
565 0 1
456 1 0
138 1 1
428 0 0
647 1 0
106 1 1
544 0 1
68 0 0
134 0 0
444 0 1
76 0 1
472 0 1
18 1 1
614 0 0
272 0 0
59 1 1
558 1 1
536 1 0
593 0 1
25 0 1
374 1 1
650 0 1
85 1 0
639 0 0
47 0 0
589 0 0
650 1 0
287 0 1
655 0 1
378 1 1
306 1 0
147 0 0
195 1 0
23 1 1
224 0 0
461 1 1
501 0 1
421 0 1
59 0 0
243 1 1
339 0 0
531 1 1
638 1 1
14 1 0
22 0 1
304 1 1
131 0 0
430 0 0
88 0 0
51 1 0
308 1 1
308 0 0
179 0 1
315 1 0
316 0 0
474 0 1
562 1 0
332 1 0
525 0 1
418 1 1
523 1 0
48 0 0
383 1 0
526 1 1
354 0 1
354 1 1
406 0 1
369 0 1
445 1 0
571 0 1
235 0 1
127 1 1
629 0 1
280 0 0
631 0 0
434 1 0
615 0 0
583 1 1
658 1 0
533 0 0
264 1 1
211 1 0
247 0 1
268 1 0
552 0 0
281 1 0
297 1 1
314 0 1
605 0 1
214 1 0
379 0 1
506 0 1
564 1 0
341 1 1
142 0 0
388 1 1
654 1 0
53 1 1
527 0 0
629 1 1
127 0 1
278 1 1
310 1 1
641 1 0
530 1 1
109 0 0
292 1 0
527 1 0
621 0 0
60 0 1
338 1 0
413 1 1
268 1 1
286 1 0
551 0 0
495 0 0
553 1 1
289 1 0
450 1 1
350 0 1
193 1 0
593 1 1
609 0 1
252 0 0
56 0 1
465 1 0
79 1 1
273 0 1
30 0 1
194 1 1
204 0 1
473 1 0
534 0 1
170 1 1
249 0 1
163 1 1
544 1 0
295 0 0
541 1 1
69 0 1
8 1 0
300 1 0
606 0 0
244 1 0
64 1 1
194 1 0
414 1 1
541 0 0
348 0 1
571 1 1
320 1 1
304 1 0
346 0 0
567 1 0
298 1 1
5 1 1
137 0 0
412 1 0
442 0 0
60 1 1
53 0 0
616 1 0
124 0 1
199 0 0
479 0 0
581 1 1
482 0 0
470 0 1
43 1 1
10 1 1
291 1 0
597 1 0
287 0 0
355 1 0
533 1 1
310 0 0
404 0 0
108 0 1
276 0 1
71 1 1
272 0 1
469 0 0
308 0 1
187 1 1
660 1 1
313 0 0
158 1 0
645 0 0
637 1 1
649 0 0
44 0 1
645 1 0
579 1 0
397 0 0
71 0 1
122 1 0
36 1 0
626 1 1
396 0 0
585 1 1
517 0 1
492 0 1
461 1 0
176 1 1
37 1 0
176 0 1
488 0 1
120 0 1
419 0 1
326 1 0
34 1 0
422 0 1
269 1 1
290 0 0
600 0 0
513 1 1
82 0 0
358 0 0
194 0 0
189 0 0
312 1 0
523 0 1
465 1 1
18 0 1
42 1 0
20 1 1
557 0 0
413 1 0
441 1 1
605 1 1
286 1 1
384 0 1
541 1 0
528 1 0
118 0 0
53 0 1
166 0 1
348 0 0
592 1 1
336 0 0
112 0 0
370 0 1
63 0 1
418 0 1
366 1 1
7 0 0
643 1 0
180 1 0
618 0 0
628 1 0
200 1 0
496 1 0
500 0 0
100 0 1
14 1 1
566 1 1
368 1 0
74 1 0
580 0 1
536 0 0
628 0 0
299 1 0
659 1 0
330 0 1
569 1 1
375 1 0
617 1 1
579 1 1
379 1 1
409 1 1
206 1 1
628 1 1
661 0 0
61 1 1
213 0 0
522 1 1
197 1 1
229 1 0
66 0 1
488 1 1
63 1 1
633 1 1
184 1 0
526 0 0
514 1 0
447 0 0
430 1 1
521 0 0
490 1 0
521 1 1
648 0 0
622 0 1
574 1 0
26 1 0
226 1 1
556 1 1
357 0 0
513 1 0
529 1 0
214 0 0
293 0 0
402 0 0
276 1 1
624 1 0
290 1 1
597 1 1
488 1 0
284 1 1
386 1 0
405 1 0
95 1 0
397 0 1
73 0 0
395 1 0
623 0 0
44 1 0
15 0 0
498 1 0
150 1 1
412 0 0
286 0 1
657 1 1
366 0 0
233 0 1
63 0 0
294 0 1
309 1 0
265 0 1
384 1 0
257 0 1
9 1 1
525 1 0
658 1 1
461 0 1
623 0 1
449 0 0
236 0 0
370 1 1
260 1 0
139 1 0
83 0 0
453 1 1
507 0 0
585 1 0
367 0 0
9 0 1
206 0 0
499 1 0
537 1 0
179 0 0
382 0 1
487 1 1
277 0 1
3 0 0
454 0 1
20 1 0
499 1 1
381 1 0
457 1 1
201 0 1
98 1 1
107 1 0
356 0 1
209 0 1
261 0 1
242 1 1
575 0 0
83 0 1
250 0 0
474 0 0
244 0 1
478 0 1
486 1 1
352 1 0
231 1 1
77 1 0
93 0 1
182 1 1
209 0 0
174 0 1
412 1 1
81 1 1
432 1 0
98 1 0
406 1 0
505 1 0
594 0 1
357 1 0
550 0 0
91 0 1
81 1 0
250 1 1
339 1 0
490 1 1
437 0 1
159 0 0
615 1 0
636 0 0
636 1 1
391 1 1
112 1 1
5 0 0
135 1 0
656 1 0
455 1 0
39 0 1
220 1 0
123 0 1
45 1 1
201 0 0
351 0 1
651 1 1
629 1 0
40 0 0
512 0 1
478 1 0
370 0 0
351 0 0
501 0 0
593 1 0
340 0 0
582 0 0
376 1 1
146 0 0
408 1 1
357 0 1
528 1 1
446 1 1
57 1 0
179 1 0
566 1 0
340 1 1
153 1 1
259 0 0
496 0 1
306 0 0
633 1 0
156 0 0
228 0 1
95 1 1
492 0 0
437 0 0
632 1 0
346 1 0
405 1 1
117 1 1
543 1 0
50 1 1
266 1 1
122 0 0
580 1 0
289 1 1
454 1 0
1 1 0
477 0 0
317 0 0
630 1 0
125 1 0
581 0 1
473 0 0
24 0 0
485 0 0
573 0 0
548 0 1
378 0 0
542 1 0
223 0 0
442 1 1
288 0 0
135 0 0
172 0 0
134 0 1
60 0 0
213 1 0
625 1 1
386 1 1
388 0 0
159 0 1
175 1 0
591 0 1
45 0 0
209 1 1
13 0 1
243 0 0
456 1 1
245 1 1
557 0 1
548 0 0
12 1 1
32 1 1
225 0 0
242 0 1
526 0 1
431 1 0
467 1 0
285 0 1
630 0 0
65 1 1
483 0 0
5 1 0
52 0 0
305 0 1
174 1 0
230 1 0
248 1 0
53 1 0
561 0 1
51 0 1
75 1 0
52 0 1
598 0 1
254 0 1
157 0 0
576 1 1
508 0 0
289 0 0
486 1 0
113 0 1
421 1 1
74 0 0
215 0 0
644 1 0
259 0 1
231 0 1
296 1 1
448 1 1
575 1 0
104 1 0
503 0 1
425 0 0
133 1 0
318 0 0
154 0 0
613 0 0
181 1 0
611 1 1
76 0 0
38 1 1
320 1 0
484 0 0
255 0 0
439 0 0
454 1 1
83 1 0
123 0 0
221 0 1
375 0 0
544 1 1
333 1 1
358 1 1
338 0 0
461 0 0
80 1 0
324 0 1
328 0 1
466 0 1
192 1 0
659 0 1
90 1 0
307 1 1
7 1 0
137 1 0
15 0 1
160 0 1
341 1 0
16 1 1
639 0 1
91 0 0
55 1 0
653 0 1
589 1 0
276 1 0
635 1 0
95 0 1
4 1 0
160 0 0
55 0 1
229 0 1
19 1 1
363 0 1
255 1 0
248 0 1
126 1 1
202 0 0
301 0 0
12 0 1
181 0 1
280 1 1
196 0 0
30 0 0
366 0 1
45 0 1
293 1 1
94 1 0
188 0 1
129 0 0
537 0 0
273 1 0
195 0 1
372 1 1
652 0 1
394 1 0
15 1 1
389 0 0
626 0 1
64 0 0
119 1 1
587 1 0
635 1 1
58 0 0
56 1 0
368 1 1
97 1 1
84 1 0
582 1 0
449 1 1
587 0 0
410 0 1
382 1 1
387 0 1
591 1 1
302 0 0
596 0 0
536 0 1
639 1 0
72 0 1
111 0 1
466 1 0
434 1 1
430 1 0
608 0 0
217 1 0
211 0 1
257 0 0
576 0 0
642 1 0
19 1 0
175 0 0
96 1 0
624 1 1
411 1 1
543 0 0
504 1 0
426 0 0
11 1 0
140 0 1
189 1 1
37 0 1
85 0 1
28 1 0
218 0 1
317 1 0
342 1 0
195 1 1
297 0 0
80 0 0
540 1 1
616 0 0
300 1 1
4 0 1
200 0 0
336 1 0
383 1 1
232 1 1
601 0 0
54 0 1
430 0 1
100 1 0
33 0 1
258 1 0
285 1 0
649 1 0
214 0 1
510 0 0
458 1 0
655 1 1
89 1 1
243 1 0
374 1 0
587 0 1
130 1 0
124 1 0
236 1 1
332 1 1
116 0 1
33 1 0
379 1 0
401 1 0
577 1 0
588 0 0
432 1 1
B 318 572 1 177 1
B 58 157 1 627 0
B 190 540 1 294 1
B 463 310 1 33 1
B 110 431 1 506 1
B 89 576 1 622 1
B 125 452 0 251 1
B 615 133 1 453 1
B 86 19 0 145 0
B 262 21 1 581 1
B 285 197 0 354 1
B 461 3 1 279 1
B 402 236 1 308 1
B 240 354 1 361 0
B 311 576 0 278 1
B 83 588 0 657 0
B 343 640 0 230 0
B 641 541 1 1 0
B 60 564 1 234 0
B 144 446 1 186 0
B 163 456 0 68 1
B 304 4 0 194 0
B 430 175 0 522 1
B 357 401 1 456 0
B 634 313 0 491 1
B 561 104 1 426 1
B 146 311 1 166 1
B 408 649 0 169 0
B 45 614 0 166 0
B 634 328 1 227 0
B 661 11 0 422 0
B 300 153 1 8 1
B 656 117 0 443 1
C 443 0 1
B 458 16 1 460 1
B 514 519 0 614 0
B 524 249 0 154 0
B 430 504 0 587 0
B 92 511 0 608 0
B 162 313 1 648 0
B 530 497 0 365 0
C 255 1 0
C 107 1 1
B 107 156 1 154 1
B 109 281 1 235 0
B 7 558 0 284 1
B 590 624 1 152 0
B 636 170 1 507 1
B 433 649 0 595 0
B 608 530 1 561 0
B 170 113 0 652 0
B 55 151 1 449 1
B 444 23 0 381 1
B 621 591 0 181 1
B 482 598 0 57 0
C 127 0 1
B 109 645 0 469 0
B 555 102 0 315 0
B 169 432 1 156 0
B 476 160 0 5 0
B 391 434 1 551 0
C 597 0 0
C 475 1 1
B 437 82 1 573 1
B 394 454 0 40 0
B 603 187 0 295 0
B 190 373 0 72 0
C 599 1 0
B 313 505 0 96 1
C 325 1 0
B 597 292 0 557 1
B 52 8 0 656 1
B 513 553 1 286 1
B 229 194 0 59 1
B 584 556 0 459 0
B 309 507 1 387 1
C 585 0 1
B 407 328 0 49 1
B 642 555 1 574 1
B 136 65 1 439 0
B 568 605 1 480 0
C 218 0 1
B 414 503 1 187 1
B 42 386 1 263 0
B 173 200 0 428 1
B 631 571 1 605 0
B 392 353 1 369 1
B 490 275 1 204 1
B 535 493 0 581 0
C 428 0 0
B 52 597 1 65 1
B 337 18 1 209 0
B 312 360 1 554 0
B 4 192 0 571 1
B 462 24 1 95 1
B 335 137 1 181 0
C 590 1 1
B 570 390 0 187 1
B 215 207 1 524 0
B 371 341 0 542 0
B 34 408 1 6 1
B 588 293 1 443 0
B 467 290 0 362 0
B 277 307 1 27 1
B 459 659 1 489 1
B 458 204 0 599 0
B 512 601 0 351 0
B 386 85 1 611 1
B 580 317 1 26 0
C 364 0 0
B 541 75 1 140 1
B 373 437 0 298 1
B 492 232 1 311 1
C 457 1 0
B 53 23 0 409 1
B 381 133 0 650 0
C 460 1 1
B 52 513 0 621 1
B 473 59 1 115 1
C 97 1 1
B 484 237 1 446 1
B 130 643 1 359 0
B 310 155 0 577 1
B 40 341 0 348 0
B 7 316 1 239 1
C 552 1 0
B 540 227 1 624 1
B 625 483 0 173 0
B 464 4 1 304 0
B 394 386 0 330 0
C 162 0 0
B 2 57 1 105 1
B 271 83 1 293 1
B 302 463 1 150 0
B 280 315 0 156 1
B 264 162 1 62 1
B 331 317 1 444 0
B 341 581 1 532 1
C 435 0 0
B 618 215 1 385 1
B 431 41 1 317 1
B 201 398 0 180 0
C 0 1 0
B 484 284 1 533 1
B 609 573 1 64 0
B 361 29 0 391 1
B 303 173 0 189 1
B 143 506 1 550 1
C 479 1 0
B 634 183 1 508 1
B 606 479 1 282 1
B 44 490 1 218 1
C 165 1 0
B 438 590 0 33 1
B 557 658 0 291 1
C 194 0 1
B 287 628 1 46 1
B 442 385 1 150 0
B 80 226 0 449 1
B 622 15 1 352 0
B 232 389 0 326 1
B 487 133 1 561 0
B 373 466 1 382 1
B 237 420 1 94 1
C 358 0 1
B 429 318 0 276 0
B 296 566 0 374 0
B 383 192 0 206 1
B 290 321 0 582 0
B 143 567 1 582 1
B 306 361 1 277 1
B 50 327 0 203 1
C 11 0 1
B 524 257 1 364 1
B 643 116 0 470 1
B 492 495 0 348 1
B 351 161 0 169 1
C 460 1 1
B 553 245 1 104 1
B 255 338 1 118 1
B 83 635 1 289 1
B 276 168 1 213 0
B 27 384 0 538 1
B 456 139 1 148 0
B 242 154 1 464 1
B 0 429 1 254 1
B 276 192 1 199 0
C 168 0 0
B 490 306 0 289 0
B 358 229 1 427 1
B 113 113 0 383 0
B 528 481 0 513 0
C 5 0 0
B 605 583 0 654 0
B 375 242 0 17 1
B 539 598 0 210 1
B 611 477 0 42 1
B 643 121 0 505 0
B 642 247 1 512 0
B 557 191 1 26 1
B 447 217 1 267 0
B 309 568 0 525 0
B 282 644 0 357 1
B 555 311 0 260 0
B 288 228 0 300 0
B 455 241 0 501 1
B 49 188 0 419 0
B 392 282 0 600 0
C 523 1 1
B 420 191 0 581 1
B 442 559 0 345 1
B 135 422 0 581 0
B 149 502 0 466 1
B 651 378 1 35 0
C 1 1 1
B 425 420 1 409 0
B 653 658 0 341 0
B 251 315 0 204 0
C 503 1 1
B 494 153 1 330 1
B 485 573 0 535 1
C 310 0 0
B 432 632 0 351 1
C 491 1 1
B 389 380 0 22 0
C 360 0 1
B 529 68 1 4 0
C 40 1 1
B 566 151 1 65 0
B 622 251 0 563 0
B 646 576 0 522 0
B 82 229 1 151 0
B 156 605 0 218 1
B 128 325 0 208 0
B 244 476 0 591 0
B 480 591 1 654 1
B 640 591 1 410 0
B 642 462 1 434 1
C 197 0 0
B 127 493 0 268 1
B 441 107 0 73 0
C 169 1 0
C 325 0 1
C 444 0 1
B 58 268 1 75 1
B 164 257 0 579 0
B 476 492 1 50 1
B 551 126 0 72 1
B 357 221 1 430 1
B 415 482 0 575 1
B 465 451 0 12 0
B 627 472 0 458 1
B 611 620 1 37 1
B 12 44 1 17 0
B 485 2 1 1 1
B 245 55 0 125 0
C 636 1 1
B 151 269 1 644 0
B 532 581 0 620 1
B 570 416 0 593 1
B 222 276 0 572 1
B 416 100 0 472 1
B 114 79 1 63 1
B 606 180 1 371 0
B 537 167 0 253 1
B 333 264 1 173 0
C 592 0 1
B 396 329 1 299 0
B 539 421 0 473 1
B 167 428 0 163 0
B 559 282 0 583 1
B 466 412 1 296 0
C 57 0 0
B 464 238 1 132 1
B 241 240 1 534 0
C 359 1 1
B 69 546 1 43 1
B 100 412 0 561 0
B 433 77 1 461 0
B 116 125 0 309 1
B 205 24 1 352 1
B 144 377 1 544 0
B 356 386 0 523 1
B 75 56 0 140 1
B 626 654 1 464 1
B 226 300 1 546 0
B 286 520 1 536 0
C 565 1 1
B 193 201 1 513 0
B 550 47 0 145 0
B 466 340 0 0 1
B 200 534 1 597 0
B 341 82 1 153 1
B 30 316 1 271 0
B 351 558 0 188 1
B 200 328 1 125 1
B 584 206 0 107 1
B 284 213 0 528 1
B 579 215 0 428 1
B 353 487 1 218 0
B 411 87 0 656 0
B 516 119 1 346 1
B 427 624 1 425 1
B 461 551 1 62 0
B 455 554 0 398 0
C 55 0 0
C 626 1 0
B 458 413 1 550 0
B 656 441 1 43 1
B 171 609 0 210 0
B 315 310 1 163 1
B 310 309 1 60 0
C 72 0 0
B 134 109 0 543 0
C 492 0 0
B 538 112 1 320 1
B 18 536 0 458 1
B 44 482 0 587 0
B 563 564 1 345 1
B 528 595 1 321 1
B 183 174 0 650 1
B 543 186 1 112 1
B 652 418 1 193 0
B 609 546 1 208 1
B 496 254 1 14 0
B 262 260 0 475 1
B 57 642 0 366 1
B 522 292 1 439 0
B 288 261 1 461 1
B 493 549 0 169 0
B 86 17 0 44 1
B 546 182 1 571 1
C 196 1 1
B 320 429 1 275 0
B 152 180 0 276 1
B 565 475 0 170 0
B 265 534 1 50 1
B 277 101 0 414 1
B 651 387 1 20 0
B 567 296 0 434 0
C 203 0 1
B 143 2 1 544 1
C 571 1 1
B 332 638 0 521 1
B 303 250 0 317 0
B 439 93 0 145 1
B 252 119 1 60 1
B 484 14 0 513 0
B 184 485 0 379 1
B 599 396 0 587 1
B 644 568 1 215 0
B 365 401 1 16 1
C 35 1 1
B 317 506 0 9 1
B 564 144 0 179 1
B 506 27 1 293 1
B 624 156 0 310 1
B 378 538 0 488 0
B 578 214 0 436 0
B 169 74 1 529 0
B 298 455 0 79 0
B 170 190 0 380 0
B 16 232 0 583 0
C 116 1 0
B 204 592 1 113 1
B 515 220 0 174 1
B 260 415 0 364 1
B 57 99 0 243 0
B 154 610 0 27 0
B 276 413 0 625 1
B 580 279 0 579 1
B 379 337 0 432 1
C 63 0 0
B 424 27 0 263 1
B 525 495 1 612 1
B 14 547 1 242 0
B 312 66 0 420 0
B 282 274 1 550 1
B 539 6 0 652 1
B 378 173 0 211 1
C 240 1 1
B 648 523 0 165 1
B 96 356 1 173 1
B 511 134 0 617 0
B 537 385 0 535 1
B 85 388 1 151 0
B 503 83 1 516 0
B 371 19 1 419 0
B 316 125 0 364 0
B 612 544 0 154 1
C 569 0 1
B 546 517 1 280 0
B 194 313 0 185 0
B 551 477 0 625 1
B 521 298 1 561 0
B 397 572 0 604 0
B 587 353 1 439 1
B 478 77 1 60 1
B 10 366 0 546 1
B 604 256 0 290 1
B 91 280 1 491 1
B 481 231 0 1 0
B 40 405 0 168 1
B 653 174 1 635 0
B 460 638 0 208 1
B 141 381 0 598 1
B 599 142 0 472 0
B 140 75 1 350 1
B 661 83 1 624 0
B 80 541 0 113 0
B 61 534 1 214 0
B 496 628 0 383 0
B 564 310 0 243 0
B 476 588 1 251 0
B 356 545 1 224 1
C 582 1 1
B 531 373 1 0 1
B 88 298 1 200 1
B 134 97 0 339 1
B 429 299 1 466 0
B 545 602 1 280 0
B 321 109 0 151 1
B 259 513 1 276 0
B 206 48 0 392 0
B 547 151 0 363 0
C 589 1 1
C 506 0 1
B 37 632 0 631 0
B 49 260 1 287 0
B 539 149 1 525 0
B 179 89 0 236 0
B 275 640 0 588 0
B 472 413 0 450 1
B 597 629 0 267 0
B 354 106 1 426 0
B 277 480 1 449 1
B 390 279 1 161 0
B 405 593 0 462 0
C 338 0 0
B 420 361 0 365 0
B 31 423 0 69 0
B 579 498 0 349 1
B 306 81 0 113 1
B 337 377 1 582 0
B 522 601 1 610 0
B 412 53 0 609 1
B 385 89 1 404 0
B 36 16 0 199 1
B 550 351 1 221 1
B 646 620 1 561 1
B 63 310 0 604 0
B 401 349 1 558 1
B 116 453 1 626 1
B 323 112 0 348 0
B 577 199 1 271 1
B 241 12 1 93 1
B 618 209 0 527 0
B 333 483 1 105 0
B 547 563 0 563 1
C 505 1 0
B 52 13 1 479 0
B 434 50 1 237 0
C 413 0 0
B 5 356 1 239 0
B 612 582 1 532 0
B 270 587 1 457 0
B 270 221 1 193 1
B 91 70 1 308 0
B 172 37 0 229 1
B 471 30 0 281 0
B 321 182 1 449 1
B 459 83 1 531 1
B 660 280 1 578 1
B 107 122 0 397 0
B 400 127 0 500 0
B 391 338 1 470 0
B 321 515 1 566 0
B 255 59 1 515 1
B 558 469 1 575 0
C 376 1 0
B 156 398 1 527 0
B 254 389 0 342 1
B 216 565 1 198 1
B 425 500 0 580 1
B 554 552 1 524 1
B 617 169 0 149 0
B 589 268 1 109 0
B 599 445 0 608 1
B 145 97 0 260 0
B 512 424 0 446 0
C 30 1 1
C 603 0 1
B 297 183 0 296 0
C 59 1 0
B 117 459 1 103 1
B 587 607 1 200 1
B 569 547 1 415 1
B 565 119 1 356 0
C 298 1 0
B 322 143 1 357 1
B 106 283 1 348 0
B 512 468 1 119 0
B 54 544 1 623 1
B 127 148 0 561 0
B 107 488 1 0 1
C 330 1 1
C 10 1 1
B 575 70 1 262 1
B 310 467 1 486 0
B 158 453 0 106 0
B 178 488 0 497 1
B 587 387 1 610 1
B 591 122 1 548 1
B 386 221 1 548 1
B 544 6 1 302 0
B 501 408 1 420 0
B 137 534 0 107 1
B 225 539 1 556 0
B 296 479 0 456 1
B 29 641 0 156 1
B 599 319 1 511 0
B 442 240 1 653 1
B 639 594 0 18 1
B 176 331 1 409 0
B 433 535 1 131 0
B 61 560 0 298 0
B 131 282 1 629 0
B 138 462 1 440 0
C 394 0 1
B 344 57 0 31 1
B 470 530 0 10 1
C 392 1 0
B 657 193 0 203 1
B 110 263 1 368 1
B 463 510 1 89 0
B 473 658 1 171 0
B 320 130 0 463 1
B 216 173 1 138 1
B 60 0 1 317 0
B 487 559 0 104 1
B 406 132 0 461 0
B 74 151 1 359 1
B 33 539 1 201 1
B 20 503 0 463 0
B 156 576 1 474 1
B 584 575 1 236 0
B 489 219 0 243 0
B 191 364 1 416 1
B 162 44 0 163 1
B 86 205 0 15 1
C 329 0 0
B 445 17 1 647 0
B 318 89 0 105 1
B 3 351 1 564 0
B 222 155 0 293 0
B 98 79 0 469 0
C 418 0 1
B 270 415 1 635 1
B 262 258 0 378 1
B 277 457 0 587 0
B 261 304 0 259 0
C 400 1 0
B 80 524 0 147 1
B 340 4 0 587 0
B 496 325 0 336 0
B 483 333 0 48 0
C 16 1 1
B 591 573 0 531 0
B 174 131 1 489 1
B 655 631 0 166 1
B 367 85 1 191 0
B 656 15 0 574 1
B 535 317 0 179 1
B 311 478 1 208 1
B 510 203 1 48 0
B 136 41 0 611 0
B 368 156 1 166 0
B 509 609 1 419 0
B 315 56 1 585 0
B 237 307 0 530 1
B 276 139 0 440 0
B 447 120 1 527 0
B 0 324 0 514 1
B 529 24 1 584 0
B 1 30 1 505 1
B 116 492 1 646 1
B 285 573 0 221 0
B 635 154 1 242 1
B 340 528 1 587 1
B 325 58 1 532 1
B 591 8 0 572 0
B 432 271 1 237 0
B 400 130 0 403 0
B 610 659 1 306 1
C 380 0 0
B 373 394 0 479 1
B 184 555 0 387 0
B 87 289 1 477 0
B 428 223 0 639 1
B 618 402 0 558 0
B 389 560 1 514 1
B 216 208 0 458 1
B 168 496 0 519 0
B 511 531 1 232 0
B 235 307 1 79 1
B 535 376 1 545 0
B 206 101 1 117 1
B 583 660 1 390 1
B 297 32 0 459 1
B 450 195 0 479 1
B 280 349 0 334 0
B 217 234 1 409 1
B 434 374 1 475 1
C 137 1 0
C 535 0 1
C 581 0 1
B 504 369 1 77 1
C 382 0 1
B 70 413 0 20 1
B 387 640 0 511 1
B 251 401 1 16 0
C 207 1 1
B 108 599 1 477 1
B 418 330 1 317 0
B 38 581 1 503 1
B 509 247 0 460 1
B 550 77 1 133 0
B 321 536 0 116 0
B 567 529 1 660 1
B 548 241 1 81 1
B 480 611 1 450 1
B 564 489 1 138 1
B 437 347 0 490 1
B 507 377 1 365 1
B 137 310 1 173 0
B 99 191 0 616 1
B 621 170 1 6 0
B 167 236 0 265 0
B 311 58 0 630 0
B 219 486 0 382 1
C 283 1 1
B 289 329 1 607 1
B 258 275 0 606 1
B 29 279 0 627 1
B 31 604 0 405 0
B 361 482 0 552 1
C 181 0 0
B 221 603 0 166 1
C 34 0 0
B 133 161 0 7 0
B 348 562 0 312 0
B 134 548 1 403 0
B 126 480 1 337 1
B 582 346 0 565 1
B 273 109 1 151 0
B 128 218 0 554 1
B 156 71 1 137 1
B 511 524 0 597 0
C 89 0 0
C 248 1 0
B 198 595 1 374 0
B 604 402 0 620 1
C 79 0 0
B 270 530 0 247 0
B 242 178 1 75 0
B 461 65 0 134 0
B 72 396 1 29 1
B 208 96 0 391 0
B 263 461 1 167 0
B 246 317 0 494 0
B 215 309 0 485 1
B 268 227 1 284 1
B 585 224 0 599 0
B 628 174 0 373 1
B 240 105 1 330 1
B 351 4 0 40 1
C 567 1 0
B 502 43 1 144 1
B 360 81 1 77 1
C 352 0 0
B 24 285 0 436 0
B 492 629 0 351 1
B 626 319 0 126 1
B 608 66 0 618 0
B 116 192 1 423 1
B 196 410 1 340 1
B 313 300 1 559 1
B 89 109 1 161 1
B 510 353 1 256 0
C 500 0 1
B 80 204 0 631 0
B 369 371 0 363 1
B 427 400 1 481 1
B 648 317 1 176 1
B 165 273 1 60 0
B 641 84 1 340 0
B 367 487 0 482 0
B 520 32 0 361 0
C 136 0 1
B 302 24 1 364 1
B 46 390 1 82 0
B 349 61 1 157 0
B 187 580 0 51 1
B 21 250 1 195 0
B 556 152 1 604 0
B 498 328 1 275 1
B 124 622 1 454 1
B 517 595 1 44 1
B 501 125 0 14 0
B 387 78 0 209 1
B 387 215 1 651 0
B 0 245 0 262 0
B 115 592 0 572 0
B 462 390 0 390 1
B 524 625 0 409 1
B 121 64 0 150 1
B 321 113 0 23 0
B 246 564 0 475 1
B 630 166 0 99 0
B 244 70 0 511 0
B 360 29 0 123 0
B 281 276 1 577 0
B 470 436 1 367 1
B 327 425 0 647 0
B 427 400 0 647 1
B 579 286 1 182 1
B 35 249 0 84 1
B 358 192 1 545 0
B 521 195 1 59 0
B 620 274 0 521 0
B 505 59 1 562 1
B 21 497 1 561 1
C 494 0 0
C 405 0 0
B 166 60 0 370 0
C 403 1 0
B 448 41 0 156 1
B 220 538 0 338 0
B 447 537 0 617 1
B 145 298 0 564 0
B 157 215 0 411 1
B 48 294 1 289 1
B 153 303 0 571 0
B 76 660 0 22 0
B 209 504 0 644 0
B 38 344 1 3 0
B 308 415 1 509 0
B 214 34 1 458 0
B 247 513 0 66 1
B 542 230 1 553 0
B 94 357 0 363 0
B 105 345 1 73 1
B 333 118 0 341 1
B 245 451 1 381 1
B 115 513 0 141 0
B 298 169 1 451 1
B 93 90 1 557 1
B 343 271 1 601 0
B 497 389 1 463 0
B 543 577 1 432 1
B 655 504 0 100 0
B 265 405 1 7 0
C 161 1 0
B 233 194 0 381 0
B 85 143 0 242 1
C 562 1 1
B 52 560 0 284 1
B 308 232 0 418 1
B 627 58 1 386 0
B 501 244 1 453 1
B 444 138 0 92 1
B 213 42 1 87 0
B 358 186 0 649 0
B 541 258 1 139 1
B 420 439 1 311 0
B 661 65 1 382 1
B 30 455 0 75 1
B 638 532 1 319 1
C 621 0 0
B 71 107 1 106 0
B 651 345 1 484 0
B 205 520 1 38 1
B 252 340 0 207 0
B 189 144 0 242 0
B 126 50 1 105 1
C 119 0 0
B 266 508 0 481 0
B 372 99 1 525 0
B 49 112 1 94 0
B 551 514 1 451 1
B 490 391 1 49 1
B 251 239 1 563 1
C 254 1 1
B 234 261 0 414 0
B 192 317 0 398 0
B 591 99 0 17 1
B 417 240 0 570 1
C 382 0 1
B 370 555 1 654 0
B 282 371 1 83 1
C 132 0 0
B 268 61 1 360 1
C 213 0 1
B 193 1 1 320 1
B 332 637 0 302 1
B 467 255 0 541 0
B 251 555 1 638 0
B 491 71 0 72 0
B 267 628 0 537 1
B 591 333 0 509 1
C 638 0 1
B 462 597 0 571 1
C 308 1 0
B 638 563 1 273 0
B 9 330 1 67 1
B 64 189 0 28 0
C 51 0 1
B 68 506 1 223 0
B 458 590 1 514 0
B 588 297 0 96 0
B 459 236 1 412 1
B 298 424 1 617 1
C 383 1 0
B 504 648 0 463 0
B 188 381 0 110 0
B 389 376 0 236 0
B 572 210 0 238 0
B 460 79 0 165 0
B 210 387 1 272 1
B 283 660 1 169 0
C 30 0 1
B 130 141 1 406 0
C 139 1 1
B 608 60 1 23 1
C 532 0 1
B 620 196 0 395 1
B 309 83 1 596 1
B 7 19 1 278 0
B 577 342 0 36 1
C 596 1 1
B 358 399 0 311 1
B 218 234 1 292 1
B 487 258 0 105 0
B 213 650 0 352 0
B 612 98 0 593 1
B 255 386 1 235 1
B 645 281 1 118 0
C 298 1 1
B 47 615 0 290 0
B 159 612 0 132 1
B 359 181 0 486 0
B 494 27 0 54 1
B 92 193 1 555 1
B 532 447 1 524 1
C 307 0 1
B 597 179 1 260 1
B 397 204 0 576 0
B 280 250 0 225 0
B 313 54 1 89 1
C 444 1 0
B 308 165 0 279 0
B 467 406 1 256 0
B 597 576 0 24 1
B 4 564 1 149 1
B 259 153 0 474 1
B 630 322 1 37 0
B 483 323 1 365 1
B 474 516 1 640 1
B 535 47 0 473 1
B 229 321 1 128 0
B 320 294 0 188 0
B 303 121 1 122 1
B 528 425 0 625 1
B 70 609 0 318 1
C 130 0 1
C 547 0 1
B 655 176 0 66 1
C 137 0 0
B 533 22 1 73 0
B 610 478 0 249 0
C 648 1 0
B 232 401 1 315 0
B 192 358 0 68 1
C 470 0 0
C 103 0 0
B 628 347 0 474 0
C 411 0 1
B 2 195 1 246 1
B 251 526 0 566 0
B 592 231 0 381 0
B 509 584 1 474 0
B 322 549 1 660 1
B 519 190 0 52 1
B 239 275 0 247 1
B 58 469 0 168 1
B 64 634 0 389 0
B 159 454 0 324 0
B 139 588 0 247 0
B 360 278 0 131 1
B 659 597 0 355 1
B 42 373 1 64 0
B 486 89 0 524 0
B 324 372 0 42 1
B 613 561 0 597 0
B 292 568 1 583 1
B 504 490 0 487 1
B 412 145 0 263 0
B 514 640 1 353 0
B 408 660 1 239 1
B 406 198 0 410 0
B 6 283 1 584 0
B 646 189 0 406 1
B 146 546 1 20 0
B 130 57 1 32 1
C 216 0 0
B 529 506 1 399 0
B 350 657 1 459 0
B 535 363 0 112 1
C 650 1 0
B 554 160 1 177 1
B 479 258 1 525 0
B 114 17 0 417 1
B 453 540 1 271 0
B 476 133 1 41 0
B 160 368 1 343 0
B 460 362 0 270 0
B 169 330 1 370 0
B 606 92 1 32 1
B 248 169 0 196 1
B 318 450 1 566 1
B 410 206 0 163 1
B 226 528 0 185 1
B 139 53 0 650 1
B 128 598 1 258 1
B 365 530 1 512 1
B 452 143 1 189 1
C 503 0 0
B 447 509 1 233 1
C 121 0 1
B 294 201 1 204 1
B 185 62 1 151 1
B 120 437 0 484 1
B 247 112 1 43 1
B 547 147 0 117 1
B 502 384 0 165 1
B 473 79 1 297 0
B 289 660 0 47 0
C 70 1 0
B 660 73 0 118 0
B 168 24 1 397 0
B 483 293 1 520 0
B 561 539 0 352 1
B 406 169 1 244 0
C 22 0 1
B 592 226 0 377 1
C 593 1 0
C 286 1 0
B 513 580 1 38 1
B 58 386 0 3 0
B 634 418 0 164 1
B 597 7 0 509 0
B 48 54 1 250 1
B 91 323 0 312 1
B 116 97 1 543 0
B 49 521 1 252 1
B 209 8 0 383 1
B 342 369 1 202 0
B 365 623 1 418 0
B 159 367 1 536 1
B 1 333 0 311 0
C 223 1 0
B 332 18 0 421 0
B 9 513 1 369 1
B 232 142 0 222 0
B 525 80 0 638 0
B 195 661 0 490 0
B 157 535 1 144 1
B 471 591 0 38 1
C 616 0 1
B 211 571 1 265 1
B 210 557 1 88 0
C 54 0 1
B 579 629 0 588 1
B 252 440 1 620 1
