591 2 1000 760
323 0 1
372 0 1
587 0 0
241 1 1
94 1 1
572 1 0
76 1 1
495 1 1
108 0 0
142 0 0
436 0 1
185 1 1
209 0 1
259 0 1
519 1 1
218 1 1
73 0 1
105 1 0
456 1 0
433 0 0
545 1 1
405 1 1
49 1 1
437 0 0
548 0 1
259 1 1
38 0 0
577 1 0
298 0 0
145 1 1
173 0 1
355 0 0
569 1 1
183 0 0
267 1 1
507 0 0
350 0 0
141 0 0
503 0 1
441 0 1
414 1 0
351 0 0
431 1 1
253 1 1
479 0 0
242 0 0
27 0 0
15 1 1
332 1 0
535 0 1
205 1 0
398 1 0
588 0 0
498 0 1
384 0 1
41 0 1
109 1 1
275 1 1
425 1 0
175 0 0
194 0 1
292 1 0
384 0 0
411 1 0
309 0 0
482 0 0
214 1 0
408 0 1
19 0 0
322 1 1
245 1 1
584 0 0
416 1 1
568 1 1
52 0 0
208 1 0
455 1 1
30 0 0
175 1 0
478 1 1
223 0 1
178 1 0
224 1 1
396 1 0
115 0 1
46 1 0
36 0 1
169 1 1
461 1 1
174 1 0
325 1 0
257 1 0
146 1 0
240 0 1
537 0 1
193 1 1
462 0 0
88 0 1
385 1 1
72 0 1
151 1 1
25 1 1
489 0 1
96 1 1
496 0 1
503 1 0
341 0 0
377 1 0
214 0 0
213 1 1
342 1 1
50 1 0
335 1 1
136 0 0
453 1 0
549 0 1
315 0 1
217 1 0
96 0 1
251 0 0
117 1 1
129 0 1
284 1 1
244 0 1
556 0 0
195 1 1
57 1 0
258 1 1
291 0 1
273 1 1
139 1 0
52 1 0
504 1 0
131 1 1
513 0 1
182 0 1
390 1 1
325 0 0
283 0 1
472 0 0
539 0 0
275 0 1
338 1 1
176 0 0
550 0 0
435 0 1
452 1 1
370 1 0
106 0 0
357 1 1
481 0 0
288 0 1
416 0 0
245 1 0
314 0 1
384 1 0
89 1 1
186 1 0
325 1 1
282 0 1
240 1 1
526 1 0
229 0 0
423 1 1
21 1 0
28 1 0
36 1 1
286 1 0
76 0 1
541 0 1
563 1 1
207 1 0
509 0 1
87 1 1
95 1 1
567 0 0
274 0 1
395 0 0
51 0 1
311 0 1
237 0 0
80 0 0
419 1 1
505 0 1
473 1 0
28 1 1
95 0 0
83 1 1
259 0 0
493 1 0
388 1 1
9 0 0
585 1 0
275 1 0
475 0 1
232 0 0
323 1 1
520 1 0
223 0 0
32 0 0
451 1 1
481 1 1
371 1 1
204 0 0
536 0 1
95 1 0
156 0 1
210 0 0
532 0 0
166 0 0
471 0 1
68 1 0
541 0 0
108 1 1
43 0 0
93 0 0
244 1 1
563 1 0
327 1 0
205 0 1
46 0 0
60 0 1
128 0 1
165 0 1
454 1 1
130 1 0
355 0 1
95 0 1
96 0 0
255 1 1
354 0 1
277 1 0
480 0 0
466 1 1
457 0 1
166 1 1
503 1 1
26 1 1
346 0 0
583 1 1
199 1 0
561 1 0
165 1 0
382 0 1
427 1 0
333 1 1
127 0 1
264 1 1
383 1 1
18 1 1
368 1 1
262 1 1
325 0 1
400 1 1
406 1 1
121 1 0
405 0 1
510 0 0
393 0 0
52 1 1
168 0 0
317 0 1
39 0 1
431 0 1
204 0 1
344 1 0
196 0 1
60 1 1
298 0 1
564 0 0
203 1 0
438 0 0
400 0 0
137 1 0
268 0 1
460 0 1
183 1 0
137 0 1
67 1 0
281 0 1
399 0 0
53 1 0
145 1 0
149 1 1
586 0 1
368 0 0
48 1 0
315 1 0
576 0 1
69 0 1
461 0 0
1 1 0
218 0 1
453 1 1
340 0 1
262 0 0
262 0 1
384 1 1
98 1 0
135 1 1
84 0 0
400 0 1
555 1 1
359 0 0
494 1 0
213 0 0
300 0 1
418 0 0
329 1 0
191 0 1
485 1 0
171 1 1
443 0 0
527 0 1
335 0 1
248 0 1
416 1 0
478 1 0
348 0 0
12 0 1
583 1 0
555 0 0
104 1 1
110 0 0
140 1 1
290 0 0
528 0 0
83 1 0
469 1 1
539 0 1
198 1 0
84 0 1
581 1 0
180 1 1
376 1 0
531 1 0
254 0 0
388 0 1
62 1 0
271 0 1
484 0 0
206 0 0
187 1 1
401 1 1
280 0 0
132 1 1
264 0 0
266 0 0
372 0 0
143 1 0
475 1 1
383 1 0
464 0 0
561 1 1
133 1 1
358 1 0
399 0 1
1 0 0
484 1 0
500 0 0
357 0 0
122 0 0
195 1 0
423 0 1
283 1 1
184 1 1
247 0 0
187 1 0
366 1 0
372 1 0
518 1 1
524 0 0
187 0 0
48 0 1
226 1 0
469 0 1
293 0 0
515 0 0
521 0 1
122 1 0
295 0 0
535 1 0
521 1 1
306 1 0
188 0 0
32 0 1
575 0 1
50 0 1
98 1 1
586 1 1
230 1 0
195 0 1
360 0 1
240 0 0
460 1 0
571 1 0
31 1 1
97 1 0
26 0 0
226 0 1
16 0 1
58 1 1
23 0 0
105 1 1
330 0 0
6 1 0
70 0 1
562 1 1
76 1 0
422 1 1
385 0 0
181 1 1
574 0 1
81 0 0
49 1 0
565 0 0
199 1 1
459 0 1
307 1 1
486 0 0
340 0 0
40 1 0
186 0 1
163 0 1
432 0 1
307 0 1
159 1 0
441 0 0
559 0 0
337 0 1
215 0 1
8 1 1
1 0 1
315 1 1
258 0 0
166 1 0
336 1 0
557 0 0
62 0 1
21 0 0
358 0 1
216 1 0
164 1 0
265 1 1
432 0 0
558 0 1
77 0 0
517 1 1
97 0 0
104 0 1
201 0 1
295 0 1
487 1 1
244 0 0
59 0 0
234 0 1
29 1 0
370 0 1
40 0 1
156 1 1
242 1 0
228 0 1
522 1 1
439 0 1
562 0 0
569 0 1
202 0 1
459 1 0
331 0 0
13 0 0
561 0 0
205 1 1
107 1 0
391 1 1
218 0 0
155 1 0
388 0 0
419 0 1
518 0 0
4 0 1
202 0 0
368 0 1
590 0 1
589 1 1
462 1 1
313 0 0
455 0 1
530 1 0
544 1 1
514 1 1
100 0 1
422 0 0
123 1 1
430 1 0
167 0 1
368 1 0
363 0 1
0 0 1
158 0 1
47 0 1
42 1 0
567 1 1
289 0 0
274 0 0
138 0 1
155 0 0
299 1 1
250 1 1
569 1 0
590 1 1
268 1 0
29 0 0
355 1 1
289 1 0
92 0 0
221 0 1
158 1 0
542 1 1
509 0 0
328 1 1
302 1 0
225 0 1
82 0 1
498 1 0
554 0 0
543 1 0
331 0 1
191 1 0
101 1 1
396 1 1
504 0 1
383 0 0
510 0 1
492 1 0
120 1 0
297 0 0
460 0 0
4 0 0
288 0 0
210 1 0
348 1 1
570 1 0
424 0 1
48 0 0
141 0 1
320 1 0
244 1 0
168 1 1
391 0 0
99 1 0
546 1 1
284 0 1
240 1 0
294 0 0
336 1 1
413 1 1
488 0 0
161 0 1
417 0 0
25 1 0
266 1 0
491 1 1
295 1 1
531 1 1
321 0 0
444 1 1
372 1 1
567 1 0
269 1 1
183 0 1
371 1 0
428 1 1
370 1 1
291 0 0
108 0 1
299 0 0
353 1 0
87 0 1
503 0 0
438 0 1
64 1 1
148 0 0
506 0 1
549 1 0
280 1 1
164 0 1
538 0 1
538 1 0
157 0 1
49 0 0
359 1 1
335 1 0
490 1 1
93 1 1
31 0 1
336 0 0
224 1 0
154 0 0
160 0 0
65 1 0
140 0 1
213 0 1
539 1 0
171 0 0
245 0 0
62 0 0
549 1 1
272 1 1
363 0 0
34 1 0
249 1 1
18 1 0
492 0 0
246 1 0
140 1 0
83 0 0
184 0 0
26 0 1
554 0 1
427 0 1
247 1 0
20 1 1
536 1 0
374 0 1
453 0 0
233 1 1
171 0 1
181 0 1
328 0 0
429 1 0
417 1 0
110 1 0
360 0 0
463 1 0
551 1 0
502 1 0
458 0 0
512 1 1
230 1 1
417 1 1
35 0 1
291 1 1
321 0 1
44 0 0
555 1 0
323 1 0
5 0 0
547 0 0
287 0 1
413 0 0
389 1 1
151 0 1
528 1 1
4 1 0
559 0 1
520 0 0
462 1 0
312 0 0
216 1 1
24 0 0
440 1 0
397 1 0
550 1 0
404 1 0
552 0 1
169 0 1
501 1 0
284 1 0
509 1 0
513 0 0
461 0 1
525 0 1
20 0 0
24 1 0
33 1 0
426 0 0
115 1 0
198 0 0
425 0 1
362 1 1
563 0 1
231 0 0
114 0 0
234 1 1
312 1 1
473 0 1
501 0 0
452 1 0
454 0 0
138 1 1
349 0 0
557 1 0
553 1 1
585 0 0
3 0 0
150 1 1
298 1 0
113 1 0
61 0 1
545 0 0
254 1 0
292 1 1
329 1 1
79 0 1
573 0 0
560 1 0
59 0 1
221 0 0
270 0 1
250 0 0
580 0 0
236 1 1
229 0 1
52 0 1
309 1 1
370 0 0
268 1 1
401 0 1
133 1 0
180 0 0
565 1 0
290 0 1
105 0 1
162 1 1
432 1 1
313 1 0
279 0 0
331 1 1
470 0 0
403 0 1
523 0 1
279 0 1
280 1 0
104 1 0
580 1 0
151 1 0
250 1 0
81 0 1
570 0 1
172 0 1
230 0 1
379 1 0
540 0 1
130 0 1
351 0 1
490 0 0
44 1 1
236 0 0
454 0 1
282 1 1
111 0 0
116 1 0
146 0 1
80 1 0
42 1 1
63 1 1
184 0 1
274 1 1
343 1 1
493 0 0
260 0 0
341 1 1
305 1 0
175 0 1
39 1 1
222 0 1
365 0 0
311 0 0
207 1 1
285 1 0
225 1 1
543 1 1
14 1 0
357 0 1
356 0 1
318 1 0
91 0 0
578 1 0
402 1 1
324 0 1
314 1 0
117 1 0
132 1 0
558 0 0
401 0 0
486 1 0
9 0 1
270 1 0
70 0 0
533 0 1
115 0 0
442 1 1
222 1 0
301 1 1
28 0 1
523 1 1
364 0 1
409 1 0
523 0 0
130 1 1
495 1 0
454 1 0
427 0 0
75 0 1
578 0 1
391 0 1
518 0 1
160 1 0
192 0 0
170 1 0
585 1 1
425 0 0
533 0 0
29 1 1
107 0 1
208 0 0
352 1 1
483 0 1
436 1 0
386 0 0
279 1 1
398 1 1
271 1 0
532 0 1
304 0 0
339 0 0
305 0 0
573 1 0
51 0 0
409 1 1
399 1 0
313 0 1
404 1 1
386 1 0
482 1 1
30 0 1
219 0 1
212 0 1
353 1 1
360 1 1
223 1 0
527 1 0
445 1 1
336 0 1
380 0 0
134 0 0
174 1 1
358 1 1
254 0 1
447 1 1
448 0 0
522 1 0
380 1 0
214 1 1
492 0 1
552 1 1
100 0 0
438 1 0
330 0 1
4 1 1
179 1 1
103 0 0
170 0 0
123 0 0
164 1 1
480 1 0
415 0 1
499 1 1
387 0 1
575 1 0
38 0 1
99 0 0
409 0 0
201 1 1
179 1 0
319 0 1
120 0 1
529 0 0
47 0 0
579 1 1
89 0 0
528 0 1
380 0 1
347 1 1
571 0 0
144 0 0
489 1 0
479 0 1
553 1 0
114 0 1
322 1 0
477 1 1
484 1 1
127 0 0
172 1 1
206 0 1
511 0 1
490 1 0
100 1 0
330 1 1
361 1 0
2 0 0
381 1 0
219 1 0
305 0 1
429 0 1
32 1 1
377 1 1
249 0 1
363 1 1
136 1 1
304 1 0
151 0 0
296 0 0
215 1 1
184 1 0
546 0 0
342 1 0
303 0 0
161 0 0
554 1 0
456 0 0
152 0 1
399 1 1
135 0 1
136 1 0
208 1 1
350 1 1
444 0 1
364 0 0
420 0 0
294 1 0
160 0 1
558 1 1
261 0 1
71 0 1
295 1 0
297 0 1
534 0 1
364 1 0
70 1 1
446 1 1
320 0 1
56 1 0
508 1 0
485 0 0
468 0 1
269 0 1
148 1 1
157 0 0
0 0 0
553 0 1
272 0 0
578 0 0
104 0 0
395 1 0
238 0 1
45 0 1
406 0 1
125 0 1
109 1 0
260 0 1
49 0 1
274 1 0
36 0 0
33 0 0
174 0 1
334 0 0
547 0 1
289 0 1
352 1 0
74 1 0
112 0 0
528 1 0
188 1 0
328 1 0
178 0 0
428 0 0
420 0 1
220 0 1
427 1 1
587 1 0
338 0 0
511 1 0
147 1 1
30 1 0
491 1 0
275 0 0
537 1 1
34 0 1
199 0 1
424 1 0
149 0 0
582 0 0
253 0 1
317 1 1
230 0 0
29 0 1
170 1 1
154 1 0
C 571 0 1
C 461 0 1
B 192 273 0 78 1
B 548 327 0 68 0
B 116 301 0 327 0
B 566 360 0 353 1
B 406 360 0 277 1
B 504 537 1 583 0
B 467 339 0 250 1
B 372 251 1 259 1
B 106 489 0 38 1
B 197 99 1 8 0
B 139 525 1 478 1
B 189 299 0 151 1
B 77 573 1 229 1
B 392 294 0 396 0
B 544 470 0 30 0
C 160 1 0
B 14 231 0 369 0
B 198 2 1 350 0
B 515 123 0 417 1
B 555 82 1 115 1
B 547 86 1 72 0
B 69 252 1 194 1
B 44 425 1 129 1
B 310 499 0 6 0
C 165 1 0
B 142 388 0 459 0
B 519 279 1 537 0
B 430 200 1 259 0
B 461 116 1 408 0
B 249 202 1 411 0
B 135 307 1 214 1
C 543 1 0
B 76 225 0 53 1
B 132 121 0 583 0
B 160 576 1 433 1
B 479 99 1 311 0
B 154 427 1 300 1
B 267 93 0 102 1
B 471 236 0 511 1
B 67 401 0 497 0
C 1 1 1
B 374 41 0 206 1
B 434 358 1 411 0
B 185 479 0 471 0
B 89 448 1 264 0
B 109 343 0 47 0
B 481 446 0 533 1
B 314 96 0 547 0
B 395 102 1 406 0
B 279 394 0 443 0
C 194 0 0
B 371 63 1 506 0
B 151 418 0 467 1
B 245 149 1 106 0
B 408 196 0 110 0
B 157 212 1 159 1
B 10 468 0 497 0
B 413 9 0 541 0
C 203 1 0
B 22 7 1 518 1
C 305 0 0
B 372 373 0 466 0
B 320 547 0 572 1
C 425 1 0
B 32 79 0 572 1
B 150 209 1 283 1
B 413 499 1 402 1
B 81 270 1 513 1
B 15 126 0 277 1
B 219 422 0 540 1
B 261 249 1 106 1
B 134 290 1 34 0
C 357 0 0
B 86 56 1 250 1
B 198 125 1 330 0
C 302 1 0
B 416 195 0 87 1
B 17 430 1 340 0
B 94 492 0 235 1
B 560 119 0 462 1
B 423 554 0 220 0
B 233 181 1 416 0
B 574 507 0 508 0
B 482 376 0 125 1
B 233 287 1 396 1
B 337 341 1 537 1
B 6 531 1 453 1
B 479 521 0 290 1
B 121 287 0 12 0
B 386 349 1 202 1
C 354 1 1
B 255 488 0 86 1
B 111 63 0 418 1
B 521 456 0 534 1
C 470 1 1
C 13 0 1
C 103 0 0
B 516 28 1 123 1
B 245 112 1 413 0
B 190 247 0 511 1
B 530 403 1 98 1
B 130 448 1 440 0
B 265 525 1 48 1
C 404 1 0
B 8 90 0 135 1
B 488 426 1 24 0
C 91 0 1
B 373 262 1 88 1
C 512 0 1
B 106 569 0 98 1
B 14 426 0 240 1
B 133 242 1 485 0
B 214 373 1 277 0
B 33 210 0 94 1
B 251 170 0 472 1
C 71 1 0
B 204 362 1 264 0
B 278 282 0 257 1
B 142 59 1 106 1
B 248 225 0 256 0
B 314 98 0 375 0
B 526 25 1 330 0
C 109 0 1
B 380 123 1 159 1
C 568 0 1
B 10 326 1 476 0
B 521 245 0 515 0
B 42 39 1 246 0
B 374 222 1 99 0
B 21 159 0 470 0
B 311 299 1 51 0
B 370 464 1 372 0
B 36 355 1 583 1
C 152 1 1
B 53 474 1 309 1
C 582 1 0
B 72 165 1 322 1
B 365 403 1 159 0
C 55 0 1
B 7 184 1 328 0
B 505 381 0 59 0
B 479 472 1 573 1
B 321 23 0 371 1
C 361 1 1
B 44 171 1 287 0
C 239 1 1
B 405 463 1 165 0
B 197 99 1 42 1
B 115 118 0 455 0
C 415 1 0
B 392 175 0 510 0
C 86 1 1
B 462 504 0 113 0
B 292 200 0 241 0
B 429 290 0 199 0
B 213 235 1 431 1
B 174 418 0 224 1
B 489 486 1 566 0
B 458 145 1 290 1
C 228 1 1
B 149 568 0 86 0
B 361 207 1 387 1
B 266 197 1 282 0
B 72 425 0 365 1
B 77 455 1 273 0
B 371 47 0 154 0
B 576 565 0 109 1
B 298 376 0 274 0
B 243 278 0 254 1
B 511 378 1 133 0
B 222 516 1 157 1
C 549 1 1
B 451 511 1 356 1
B 66 291 0 142 1
B 331 406 1 123 0
B 415 494 1 230 1
C 419 0 0
B 391 73 0 129 1
C 195 1 0
C 30 0 1
B 25 364 0 237 0
B 420 10 1 54 0
B 378 13 1 202 0
B 411 565 0 96 0
B 39 325 1 240 1
B 272 144 1 47 0
B 578 206 0 159 1
B 124 150 0 454 0
B 187 0 0 240 0
B 523 440 0 502 0
B 588 351 0 418 1
C 118 1 0
C 154 1 1
B 343 419 0 408 1
B 99 284 1 568 1
B 328 51 1 50 0
C 370 0 1
B 61 142 0 387 0
B 531 560 1 393 1
B 461 253 0 343 0
B 297 416 1 329 0
B 141 203 0 287 0
B 24 25 1 364 1
B 545 14 0 510 1
B 437 181 0 102 1
C 47 1 1
C 285 1 1
B 168 275 1 548 0
B 414 295 1 588 1
B 489 234 0 283 1
B 375 190 0 525 0
B 567 231 1 8 1
B 97 57 1 505 0
C 512 1 0
B 24 185 0 428 1
B 486 457 1 390 0
B 501 414 0 303 0
C 458 0 1
B 73 156 1 194 0
B 121 66 0 336 0
B 514 52 0 229 1
B 60 45 0 249 0
B 366 455 1 186 0
B 380 150 1 587 0
C 557 0 1
B 422 80 0 26 0
B 279 321 1 65 1
C 308 1 1
B 166 545 1 573 0
B 220 262 1 314 0
B 329 217 0 346 0
B 414 353 0 347 1
B 101 287 1 580 0
B 270 345 1 200 0
C 0 0 0
B 267 512 1 464 0
B 440 574 0 294 0
B 250 416 0 226 1
B 317 157 0 94 0
C 107 0 1
B 67 156 0 194 0
B 360 530 1 280 0
C 531 1 0
B 64 244 1 119 0
B 554 432 1 182 1
B 388 474 1 104 0
B 215 309 1 563 0
B 398 393 0 66 1
B 258 311 0 210 0
C 2 1 0
C 67 1 0
C 260 1 0
B 546 174 0 415 0
B 540 362 0 251 0
B 352 588 0 293 1
C 448 1 0
B 136 171 1 162 1
B 357 51 1 124 1
B 174 284 0 488 0
B 290 67 1 54 1
B 276 314 0 585 1
B 419 254 1 223 0
B 123 554 0 421 1
B 519 69 0 219 1
B 519 218 0 433 1
C 129 1 1
B 559 171 0 583 0
B 318 564 0 271 0
B 254 235 0 463 0
B 532 423 1 154 0
C 298 1 1
B 231 438 0 226 1
B 489 249 0 374 1
B 66 503 0 224 0
B 130 77 1 243 1
C 50 1 0
B 5 13 1 267 1
B 8 351 0 366 0
C 358 1 0
B 412 322 1 159 0
C 206 0 1
B 458 476 0 285 0
B 243 27 0 163 0
B 390 416 0 245 0
B 500 559 0 33 1
B 533 293 1 336 1
C 513 0 1
C 100 1 0
B 167 315 1 446 1
C 20 1 0
C 228 1 0
B 79 79 1 393 0
B 527 52 0 374 1
B 504 4 1 273 1
B 566 478 0 262 1
B 489 158 1 2 0
B 110 251 1 51 1
B 211 472 0 217 0
B 86 91 0 178 0
B 86 115 1 201 1
B 254 61 0 137 0
B 514 149 0 320 1
B 248 358 0 15 1
C 166 0 1
B 422 323 0 167 0
C 434 1 0
B 503 494 1 332 1
B 216 525 0 426 1
B 569 89 0 472 1
B 61 314 1 263 1
B 305 253 0 255 1
C 571 0 0
B 34 547 0 314 0
B 291 173 1 563 0
B 376 142 1 332 1
B 371 187 1 182 1
B 554 376 1 281 1
B 570 394 0 293 1
B 590 8 0 397 1
B 415 342 0 252 1
B 303 479 1 156 1
B 582 486 0 478 0
B 176 219 0 210 0
B 422 548 1 496 0
B 289 38 1 360 0
B 174 413 0 525 1
B 235 431 0 387 1
C 586 1 0
B 100 302 1 236 0
B 103 74 1 577 0
B 483 410 1 240 1
C 24 1 1
B 479 379 1 272 0
B 141 479 0 558 1
B 90 480 1 512 1
B 224 274 0 304 1
B 423 68 0 516 0
B 308 549 1 575 1
B 398 170 0 226 1
B 374 384 0 38 1
C 309 0 0
B 101 434 1 367 0
B 510 562 0 438 0
B 135 441 0 362 0
B 196 120 1 368 0
B 559 503 0 3 0
B 260 102 0 396 1
B 590 359 0 134 1
B 513 489 0 63 1
B 132 165 1 506 1
B 196 562 1 45 0
B 542 181 0 217 0
B 58 71 1 581 0
C 520 1 1
B 166 444 0 229 0
B 81 177 1 0 0
B 247 439 1 468 0
C 83 0 0
B 387 276 1 87 0
B 537 228 1 473 0
B 137 126 1 293 1
B 227 1 1 406 1
B 585 22 1 516 0
B 450 193 1 185 1
C 88 0 0
B 379 316 1 203 1
B 13 487 0 387 1
C 47 1 0
B 129 461 1 4 1
B 484 282 1 351 0
C 6 0 0
B 23 166 1 60 1
B 21 236 1 391 0
B 513 423 0 531 1
B 261 176 1 233 0
B 368 154 1 557 0
B 133 469 0 132 0
B 281 47 0 1 0
B 497 319 0 264 0
B 422 88 1 335 0
B 208 502 1 359 1
B 468 384 0 461 0
B 463 363 1 340 1
B 30 20 1 504 1
B 309 136 1 30 0
B 80 256 1 269 0
B 113 249 0 97 0
B 219 314 1 159 0
B 567 111 1 549 0
B 103 525 0 517 1
B 114 331 0 552 0
B 506 529 0 324 0
B 184 406 1 256 0
C 425 0 1
B 309 181 1 471 1
B 337 1 1 548 1
B 425 76 1 408 0
B 293 266 0 29 1
B 199 246 0 381 0
B 307 188 1 430 1
B 23 382 1 120 0
C 550 0 0
C 125 0 1
B 232 274 1 421 1
B 422 473 1 107 0
B 335 571 1 20 1
B 427 13 0 480 0
B 574 336 0 551 0
B 306 345 0 459 0
B 226 573 1 467 0
B 518 110 0 433 0
B 472 72 1 22 0
B 316 174 0 240 0
B 260 22 0 140 0
B 11 46 0 404 1
B 403 122 0 559 1
B 280 364 1 429 1
B 551 360 1 32 1
B 192 231 0 198 0
B 83 180 0 499 1
C 111 1 1
B 551 7 1 339 1
B 445 412 1 197 1
B 232 43 0 470 0
B 48 116 1 82 1
B 20 466 0 157 0
B 373 370 0 76 0
B 557 144 0 222 0
B 25 73 1 487 1
B 352 339 0 459 0
B 219 118 1 306 0
B 577 534 0 362 1
B 417 498 1 235 0
B 202 292 1 89 1
C 461 0 0
B 422 111 0 282 1
B 412 400 1 12 0
C 85 0 1
B 503 264 0 443 1
B 108 269 0 155 1
B 402 394 0 88 0
B 155 582 0 180 0
B 82 576 0 371 1
B 434 153 0 400 0
C 568 0 1
B 366 332 0 440 0
B 566 479 1 413 1
B 59 281 0 567 0
C 493 0 1
B 382 93 0 108 0
B 362 41 0 462 0
B 553 252 1 491 0
B 475 484 0 579 1
B 393 33 0 451 0
B 508 256 0 468 1
B 318 359 0 404 0
B 154 263 0 551 0
B 491 59 1 25 1
B 78 462 1 514 1
B 121 112 1 290 0
B 355 16 1 569 1
B 405 301 0 247 1
B 291 541 1 226 0
B 203 199 1 84 1
B 318 563 1 461 1
B 212 189 1 272 1
B 560 149 0 450 0
C 386 0 0
C 149 0 1
B 51 97 0 233 0
B 343 579 0 302 1
B 321 445 0 256 1
B 330 276 1 254 0
B 541 256 0 187 1
B 220 529 1 358 0
B 160 456 1 256 0
B 5 506 0 230 1
B 324 286 0 323 1
C 166 1 0
B 136 130 1 426 1
B 548 584 1 519 0
B 555 285 0 338 0
B 194 581 1 129 0
B 510 64 0 494 0
B 355 571 1 392 1
B 98 41 0 124 0
B 430 36 0 337 1
B 459 54 1 180 1
B 150 23 1 518 0
C 302 0 1
B 584 586 0 146 1
B 92 384 0 354 0
B 350 407 0 122 0
B 89 43 0 582 1
B 117 302 1 14 0
B 331 333 1 371 0
B 298 417 1 31 1
B 25 245 0 292 0
B 44 504 0 202 1
B 415 148 0 163 1
B 274 449 0 346 1
B 357 129 1 477 1
B 328 171 1 404 1
B 510 6 1 7 1
B 208 587 0 387 1
B 97 230 0 34 0
B 191 44 1 156 0
B 571 310 0 315 1
B 175 310 1 10 0
B 438 17 0 486 1
B 16 140 1 409 0
B 582 254 1 428 0
B 275 395 0 26 0
B 583 565 0 304 1
B 192 70 0 143 0
B 318 308 1 477 1
B 291 133 1 487 0
B 470 13 1 20 1
B 152 420 1 294 0
B 541 144 1 73 0
B 589 191 0 31 0
B 397 224 0 386 0
B 100 144 0 212 1
C 79 0 1
C 64 1 0
B 249 310 0 443 0
B 559 322 0 93 1
C 542 0 0
B 302 287 1 99 0
B 90 140 0 174 1
B 473 5 0 426 1
B 125 15 1 244 0
C 363 1 1
B 26 385 0 34 0
C 41 1 0
B 320 499 1 108 0
B 49 124 0 366 0
C 124 1 0
B 84 292 0 104 0
C 236 1 0
B 272 372 0 35 0
B 256 523 1 250 0
B 310 400 1 443 1
B 229 338 1 265 1
B 366 268 1 201 1
B 482 97 1 573 1
B 143 261 0 484 1
C 477 1 0
B 202 333 1 464 1
B 309 469 0 109 0
B 326 564 1 212 0
B 331 405 0 458 1
B 293 334 0 47 1
B 347 374 0 97 1
B 83 357 1 416 1
B 494 464 1 452 1
B 32 338 1 561 0
B 506 315 0 402 0
B 137 587 1 531 1
B 478 178 0 323 0
B 509 531 1 441 1
B 35 415 1 188 0
B 518 44 0 12 0
B 22 59 1 413 0
B 289 14 1 230 0
B 561 145 0 7 1
B 423 522 1 105 0
B 454 220 0 33 0
B 72 344 0 477 1
B 472 70 0 250 1
B 302 461 1 580 1
B 452 28 0 214 1
B 366 472 0 141 1
B 559 66 1 406 0
B 252 263 1 226 0
B 3 34 0 196 0
B 188 524 0 49 0
B 482 445 0 309 1
B 571 50 1 470 0
C 235 0 1
B 168 228 1 2 1
B 169 3 1 41 0
B 80 263 1 6 1
B 104 526 1 467 1
B 550 553 0 48 0
B 329 136 1 253 1
B 466 44 1 320 1
B 275 208 0 102 1
B 504 112 1 198 0
B 328 448 1 542 0
B 88 250 0 437 0
B 94 529 0 191 1
B 390 55 0 121 0
B 516 481 0 97 0
B 553 478 0 546 1
B 324 28 1 109 1
B 120 494 1 212 1
B 188 107 1 315 0
B 299 380 0 429 1
B 135 221 1 371 0
B 195 393 0 237 1
C 427 0 0
B 159 72 0 245 0
B 204 144 1 475 0
B 283 570 1 307 1
B 538 147 0 344 0
B 306 512 0 54 1
B 217 74 1 445 0
B 463 548 1 314 0
C 0 0 0
B 422 470 0 386 1
B 527 104 1 38 0
B 193 509 1 75 0
B 168 39 0 530 1
B 386 228 0 225 1
B 87 282 1 32 0
B 83 271 1 548 1
B 99 466 1 511 0
B 376 549 1 469 1
B 415 171 0 168 0
B 321 218 1 296 0
C 250 1 1
B 151 380 1 163 1
B 485 4 0 249 0
C 375 0 1
B 506 284 0 37 0
B 531 535 1 83 0
B 408 1 0 187 1
B 374 563 1 532 1
B 144 12 1 192 0
B 491 190 1 76 1
B 564 322 0 517 0
B 494 374 0 76 0
B 363 299 1 118 1
B 450 5 0 532 1
B 362 330 0 537 1
C 466 1 0
B 389 271 1 392 0
B 480 465 1 243 1
C 377 0 0
B 316 558 0 298 1
B 382 215 0 97 0
B 201 552 0 347 1
B 283 364 0 450 0
B 38 11 0 86 0
B 562 204 0 2 1
C 151 1 1
B 259 263 0 500 0
B 94 384 1 447 0
C 51 1 1
B 100 559 0 186 1
C 286 0 1
B 74 49 1 201 0
B 90 57 0 138 0
B 357 301 1 248 1
B 559 41 0 244 0
B 439 265 0 9 0
B 330 114 0 246 1
B 371 307 1 515 0
B 190 321 1 262 0
B 372 170 0 18 1
B 470 132 0 251 0
B 54 470 1 568 1
B 191 80 0 580 1
B 552 3 1 365 1
B 110 535 1 140 1
B 473 584 1 342 0
B 417 187 0 196 0
B 95 264 0 131 1
B 142 47 0 590 0
B 401 584 0 447 1
B 381 468 1 461 1
B 374 0 0 418 0
B 417 287 1 50 0
B 133 308 0 218 1
B 15 66 0 481 1
B 81 38 1 290 0
B 255 23 1 153 1
B 403 338 1 309 0
C 175 1 0
B 537 86 1 366 0
B 535 70 0 197 1
B 333 124 0 518 1
B 545 341 1 170 1
B 440 413 0 56 1
B 185 181 0 178 0
B 380 366 1 286 1
B 60 138 1 343 1
B 577 521 1 284 1
B 351 318 1 465 0
B 439 146 1 553 1
B 415 521 1 263 0
B 68 480 0 42 1
B 349 248 0 351 1
B 185 564 0 444 1
B 251 190 1 278 0
B 93 78 0 533 0
C 205 0 1
B 489 264 0 264 1
B 174 116 1 521 0
B 543 0 1 410 1
B 100 353 1 36 1
B 111 242 1 274 1
C 276 0 1
B 122 31 1 562 1
B 160 420 0 107 0
C 300 1 0
B 397 240 1 436 1
B 384 82 0 348 1
B 221 161 0 552 0
B 220 181 1 177 0
C 109 0 0
B 82 492 1 242 1
C 223 1 0
C 418 0 1
B 136 329 0 37 1
B 489 6 1 99 1
C 493 1 0
B 516 123 1 221 0
B 242 62 1 504 1
B 450 377 1 97 1
B 111 187 1 286 0
B 398 533 1 307 0
B 217 416 1 215 0
B 423 34 0 267 1
B 393 362 0 144 1
C 177 1 0
B 44 498 1 331 0
B 224 289 1 373 0
C 72 0 0
B 343 92 1 215 1
B 111 212 0 578 0
B 287 565 0 572 1
B 455 135 0 461 0
B 402 39 1 349 1
B 491 570 0 145 0
B 561 352 0 68 0
B 118 244 1 538 1
B 119 303 0 137 0
C 92 0 0
B 238 97 1 534 1
B 89 367 1 264 1
B 384 171 1 239 1
C 411 1 1
B 247 145 0 157 1
B 99 546 0 211 0
B 293 584 1 3 0
B 433 297 1 14 1
B 425 121 1 463 0
B 521 361 1 522 1
B 221 164 0 2 1
B 56 350 0 267 0
B 524 223 0 166 0
B 447 377 0 63 1
B 35 551 1 30 0
B 281 233 1 88 0
B 109 115 1 278 1
C 60 0 1
