2000 1
999389891 924955261
154253387 891000940 6076382
59202899 565427474 8676367
123280124 461618875 16605
787454555 503801713 5254662
468851883 735435664 4661395
710226279 429426911 6864081
251393860 593687159 2698853
934586174 518515311 2374762
857529711 836006427 929600
130964383 912531882 3674473
648416744 718023694 7970510
892898023 676036124 7390097
847983394 467059745 2797555
873781826 479180515 7721206
92341676 904751620 1961408
386335123 214324367 4084793
409512416 854483023 7688307
448357804 295841032 8194210
834692848 323707298 3155651
664736891 103810720 7091231
457174114 697788281 3149623
928065414 727292396 2548008
824708806 198600664 5405831
145848129 270738838 8282270
780559885 202538640 3106659
492813650 564777965 4800922
180419501 55667808 3448468
911756401 874198619 6456762
713544281 728431942 4428667
926450432 865245498 3640908
563832816 615956471 3933360
101528774 317845709 2686334
696632983 482185417 1600734
437174730 327797975 9088039
327091030 499353249 3337233
672699938 279376852 2100806
510297802 477066005 5161497
920653376 833641333 5074532
759563213 196915954 5564089
364469538 176780114 3360921
561200484 781452254 6429801
570389274 462961471 7054409
118602384 449452452 8328243
247898936 537459347 2002049
150193548 171718678 3904425
194138710 763766389 8383441
117278827 754468211 8041761
510461908 723664491 3730333
208628291 909028237 6473315
597663535 65914210 1262069
297818476 584373096 5378244
647184301 802696991 8335825
682800613 386893035 4138513
973601338 716673852 4024320
922458937 514556277 710995
299328462 264864136 1577370
492038002 401749538 9306361
353682503 483494918 194570
954865270 124097176 4155882
353224409 431969120 2903609
16277159 98048664 5468405
733553317 772853409 2171363
707239509 126938387 8444
615854956 366917408 7922167
531271466 400745818 6592573
694165729 556282354 7336592
879884277 788929969 1769892
890745187 868695191 5432960
608930288 665919621 9228672
681854759 814802808 10993914
295473426 632806870 1078231
769882670 278876762 2729329
470448344 566255984 2085139
634201975 579184191 6206318
611042030 566236569 8997071
576660175 19957723 4231689
954951159 755609086 2723456
973195038 222633477 7260288
276787200 738467263 2689936
699389670 576805164 5279908
308934191 130082583 1638215
992842073 74738864 3093542
38621003 838336394 3071549
979553920 692524953 5895489
177118580 683079570 3759828
253816854 506253875 6474498
629259599 553728945 4067601
600940742 816206564 8841737
427969285 761939005 9317692
448398888 54167903 3620499
930197925 297317333 2483642
7106090 770705879 417788
695958800 300166917 5971933
140899673 787677554 7428856
559361630 15598658 2353109
23625137 676855398 10027031
443432157 697534868 4184053
54118086 212046298 2617435
425764464 637455239 1185354
116141573 673887512 8933608
63812300 534699641 6890883
708625749 32626470 9635019
877160495 418860861 5816148
539678125 386307688 1023683
233934861 582249721 7007193
791030943 396341717 6746226
533730215 387026711 1173092
696055101 160609528 7927680
801573356 122851620 469976
935640325 538528246 4708257
954363094 315419918 410511
915329300 810840489 132685
865689357 677886054 1078486
17908500 759006543 4652022
838216588 168136426 7693957
560132731 28469432 4796277
693869426 227489601 4874562
783369836 156896311 8731157
228422403 248013949 7561383
956575967 71712022 389197
47616816 412169253 7477602
167926844 282703941 4070950
337793134 141206519 2335702
368810678 36682414 6402445
445740873 670059291 6635363
624797586 225497403 5576358
754855328 853239492 7593387
711256570 752895593 6759628
123213246 149458017 21898
274884972 313452941 7318249
791539074 287782425 6603975
324715259 21599812 7323010
94124856 764853395 1910682
453480150 635260270 10658774
181728169 123325923 4318947
422600239 879992600 5079185
540404118 285759083 5671981
671370959 490443672 6938800
953861693 654649240 6954802
313603949 461593430 127028
773846225 865780904 3469997
229160780 484887362 5627851
725466246 620865086 3482357
930670175 372658489 4967246
360976809 104810357 1021648
800255991 226714587 1939326
689202383 484396963 434626
194915268 821666512 6848878
609234684 77726502 8353480
675565643 349127905 3963280
232206471 874219299 1903236
165937283 38713346 6217652
789169916 260836203 6118978
879697543 379498162 8178677
923635995 704369887 3577858
12275213 885369281 1135973
129481500 130955517 2864235
746939295 443649300 363881
613153829 691497206 2275338
565680134 714619002 7008885
937270113 15134631 4907274
369645127 522905176 5520561
262932527 34489237 3822392
472060168 856914017 3916476
286272787 18997913 4541449
380767482 804878998 1804658
358661256 85103437 6077374
808941216 261634427 1542632
661176165 841959916 6575632
215327832 706772439 1741176
310971391 92144168 5714821
588068119 731599233 6647256
810993520 449726466 818578
704772775 884338297 7931938
605404207 333691140 4989034
70214974 787473576 4636929
964035095 793066217 4918064
121114030 363682233 6338808
163636222 446618613 2432949
146082903 445633255 8349744
891841242 113934235 7541008
307909204 902097898 1775799
56844930 465816184 9341952
452048225 412238903 4231689
597134869 550244372 5354806
343215166 102946885 2304771
480127622 76667517 2772243
478447414 625273094 5072146
978107035 621805452 3861013
232137177 886736661 3223432
677263926 149269809 2173476
737335047 868066353 8081081
492316243 304925572 153397
436823580 549883289 1749548
700823588 209301017 3391334
693562143 715832530 6511107
819379037 790161504 6239019
618174413 428110837 900739
324112542 541009436 7895400
983464679 564485613 3614453
477988632 285458775 1835903
935295925 759316979 2317557
574250287 347166303 335586
857161629 76305383 5267444
517074800 628621954 1874716
741271131 643907294 3548479
398938878 162694934 3137498
37604648 442149893 2415522
47694562 436524743 3604148
305066974 780052010 7845360
377039046 636895263 6242089
499405980 338837464 3980850
573600429 75766321 1091711
622844456 533952011 7066357
649137669 353797946 7594374
942300290 489087969 7610344
140364878 872350820 8328188
406526887 684440058 6379226
887625605 710968156 6214636
205201852 875297696 5561832
228186818 709323785 4294725
161036290 604957293 5637859
461911925 377753368 5038960
376308767 620671203 1330883
482405100 148491646 1274718
269411323 244363840 1286019
907528174 30598273 8071245
600780791 16803309 9090222
18017887 729897764 1768121
634081654 392144543 2818495
485418470 176688742 3257690
614334114 43760000 6166842
157429589 709872394 4301719
551996659 918867674 2581642
864253832 399741633 685286
363434507 376225525 1757143
142578820 324452738 581693
250578605 250154844 6745715
931645297 109066063 3799380
725701659 51823225 2968736
261880230 260536247 608820
173548710 662010586 3850284
791883415 614497665 2836359
444582754 914691189 5677598
124819214 394654409 4201340
224776064 172695974 48240
773682048 235055450 9292032
532074132 532749111 609657
947831196 110282870 6276640
993631373 528109079 1375880
987153282 203919950 132311
840675993 524219909 4255433
535468079 900557859 885080
257255037 345479107 828594
29063708 360165240 4712108
403066496 807360513 6319522
33275650 302649749 3028622
673528886 452898512 5360464
896751070 642603237 5583201
312719686 525565740 4156144
959974264 903813927 1784811
411793631 441817529 3118408
867776027 728091832 4867358
619859226 594284664 5298759
758329799 39447618 5168597
570039120 504048016 625107
865127689 286063007 7900940
979542766 96705125 3957480
669558591 336291619 199257
99386396 537576202 4810782
93688635 606496812 2259860
794596654 644598621 7347080
233919362 678717952 2419697
578505394 514642713 1263290
784545004 317746599 7816799
838653693 899121740 5241189
947703312 470361533 1466100
481533929 773973732 7959520
508303975 278900140 8561470
142285929 688164805 4353261
276971234 570337458 1771780
935357725 850807198 3267318
365273959 814251440 5609205
855238843 535219635 2495546
817105256 851330218 8259233
356509793 144011685 8104746
242716052 820263345 1057114
304257741 310298104 5021555
331883074 740755469 2990786
26864306 185500142 495753
841735099 246177711 6005481
686305938 598986986 5048107
363059128 295265789 3135352
184274882 896882012 7991024
658136949 538072808 9290848
461829768 781945670 1183296
939684468 795281795 3741550
368710177 356463599 9127111
264789507 647183854 1995406
788943953 694306875 7499635
385536370 335677638 6536772
330208788 665547152 6014057
694903505 629588037 3997646
401472318 478759883 2482977
847053602 60369597 6395361
861431994 573085465 9003483
627946293 828825272 8816769
85988949 848796175 4587452
276863696 520046508 5453228
563937662 515984193 2623761
117364264 511497369 7382667
854594440 638120947 7679187
92852222 266428368 9590066
48068860 291772400 1785767
706891980 903948951 687654
929185532 577227437 1835374
887263348 795556575 1978462
587456421 912615705 2053137
402819169 768212448 6842570
297281067 647229977 7388502
98421882 350632029 3862929
265974110 604883232 8246899
492546871 470855091 6435044
293785405 615884812 2471333
877295542 312807826 9368765
153951291 757468202 6420817
46455254 851915881 437038
173577495 769187526 3107855
283856090 850067635 2701102
118261030 468545333 3962419
496526156 542954517 6975621
870187499 158083578 3748932
487770708 614766297 2999063
68868407 211576452 6683971
380281550 830569973 6958876
985195937 806080538 5940239
547739936 766720526 6675075
49504714 494012285 3663057
560037447 811870415 8640629
117293717 432346967 1416138
172686776 27159489 495274
238799222 428781288 1779479
353948469 249763928 10287758
134058216 48655734 7204642
988846746 278399696 6614777
769273561 307507826 557958
34144311 614914464 2083302
420588727 122053617 6982269
289772059 133831587 6044600
42194927 205589530 6359578
737207035 662582922 1336988
177266208 460186779 1741667
177449328 99234562 1135589
455038944 760678595 5609295
152860013 214952964 6185540
827444647 645437088 9160484
956892844 287059395 4529431
565514990 114413411 4290000
700008656 536472409 5747499
76450321 154476033 4544919
532161422 766430646 1295411
423491024 795842044 8827077
511718311 302648816 7418355
192712235 238195030 2861289
452685264 532083232 8849761
745958901 601023520 352384
936470935 324098963 7704486
494782893 17769036 6524191
776352166 524032569 7303510
41605606 912167829 5865669
844134533 918855532 1966097
819070089 898802725 3315774
200189438 615405856 5028810
827030780 464129152 6841602
986797467 888972369 2950447
356455473 807458839 662535
904679202 617653752 4980922
728985031 647178541 2449477
362062545 166042832 671630
840106217 836963864 4770857
20822749 294424274 626476
335159295 833889345 8070818
138270324 650188357 630381
98466690 866365958 3448730
969765880 434873548 2652172
779873717 46414745 938655
504189482 873093501 6248135
532925658 809286691 6236827
229628594 28058632 5073639
829197138 261462948 1327519
547431475 458929999 2724343
767298307 256660441 1030134
717174379 289567041 2062223
410460628 601916781 8387600
286304764 353155227 7589186
662963995 606545537 5972989
362931150 18872857 136051
248240109 23628286 6006475
66499956 448319859 4179694
649290695 393519025 1332397
680825987 124775957 8873650
672255922 52524056 8330277
364482637 326467337 7588800
780877542 553629455 8229441
602628665 149994046 2315327
693859829 586382878 1867902
457458998 558875756 5213249
719935699 901238011 1009852
348532930 63366509 2821542
75043091 135745074 1851303
761738617 536974671 968146
450647302 900249223 1250678
323941071 509980933 3556964
227734813 604935804 504095
194754582 326938710 3988150
857448838 154924864 668871
323749862 752947411 4018186
936727260 910616217 4770898
496519550 698421844 86005
572084497 828393806 3354541
99720614 811783470 3265202
642055366 101640999 1993971
151593777 668377909 9444208
875340934 809246433 1260124
366079120 414963774 8972512
404315868 486658147 1863290
245241646 664602521 4001207
927447463 21348448 600383
461012861 893067688 382601
1630190 828836222 604908
113814237 695274316 1713705
941168447 451287061 7948390
520803749 110156900 2212291
12207455 518468876 6557765
370348727 694968244 8702316
174351624 30241571 397129
337672007 895515317 7263288
802680674 481854740 1993408
459478827 874864895 3134373
587356462 830988491 3374571
894309374 409755675 2166548
805630656 697247258 1357118
95429396 383380986 8889237
553673655 47844214 6970854
499536422 202271114 5069053
681403161 322651566 3133290
12118655 224393717 8017307
345912263 591671467 5600368
919214154 357611729 4554060
207067080 145916940 8075069
158638423 80290676 2179820
675407582 899821856 5897301
532432458 699058985 8392619
922314192 661263180 3361991
922501430 501982789 8027532
110049290 792761426 1154420
172022782 648554481 2754273
44917804 514722780 7451655
188442638 661113049 2825683
480968757 196454490 8448414
793742788 535949858 3687482
136399586 189108532 8855262
686178020 740650847 6298878
762570048 252770838 320923
634300861 903730564 1762664
480421823 883538224 2856324
543937097 149359782 195098
591533731 381717748 3395443
945194623 738249814 1891314
141821324 620708447 6077633
92041142 514093642 3972191
415950856 651545428 7740812
49315910 283950300 2016277
454461794 614341383 1436480
308603809 504443347 3559372
54927338 69188055 3131621
178691182 202356464 6420760
917975755 471471137 4383795
63902733 242329595 5968125
794497260 903338676 4942315
844290285 183647262 3022677
899880256 805252859 5300417
291146707 468482775 7026347
485966577 815561023 268097
223548134 889930663 235596
375063738 715827073 1995165
888982034 264527430 9857642
550633043 600293111 667892
819603306 698191529 6787402
921165772 747403342 2174230
794809595 856068325 1682592
156062517 154592939 1120902
16159954 432737950 7573154
898791815 845329248 5194417
756500427 886125153 6213851
197294116 562223498 1835290
949998640 917229390 2397645
852284706 754588677 1749298
561171379 380100462 9439646
511480775 235788790 7505366
91262569 724389885 6824856
614168403 207072026 4304171
841439344 586589463 6884835
848900544 314882771 697193
620615032 509706569 3675135
108798358 605032438 6475091
950594274 524889639 855102
264889522 17642577 4932850
428477602 415202738 4746828
513985794 82244221 2759295
371425079 390984956 7498463
684044994 918113416 2132398
107418513 181271017 8241733
363321954 121135320 2499921
526628008 546479356 6913760
607906048 260465887 8379721
969929204 461436687 1353449
954442768 242230474 5797300
826643533 111842211 5566262
853964115 853171098 5938475
331044938 220938998 5183987
361160216 917943935 4244105
576623273 900545132 5886815
730169790 172446444 7875710
578673448 607131268 3609999
544560372 216314593 6182680
796985521 520519843 2890019
100016562 634119138 7026078
548962933 587360750 4411383
913514180 189123615 5694864
585121104 423366170 991182
90302877 218625516 7336109
231810593 329557378 1263159
291924575 241043963 2988183
879921953 683235710 2599749
165050959 376616880 6711166
911010787 652666128 2881220
649235404 16651692 2969281
320171767 704848722 7772416
233799990 546386536 4982252
177663352 788067102 3703540
967358431 16575653 6650916
441486560 217607854 1920255
830934258 65398318 2682086
416158831 174382754 6144754
104420886 397321972 648825
669007575 209251869 9300356
87627533 455977714 3265698
447401195 221163448 2289673
195238655 61232966 2154513
455229815 510770519 3243732
432364700 163964297 3671096
717452134 272473492 2630142
581641521 220892716 7244747
816210211 245761079 4656156
783304067 886762508 1788476
167112057 160939401 5496703
811908995 882633682 6083696
722194447 734665789 2361111
759888533 55030621 1380324
690748934 191008646 5503869
130442537 778516557 131688
494752798 142040432 5839827
754028216 302025865 8744630
986306762 124162221 5779587
368540781 778386621 4405706
619299103 604494932 529743
168937220 589662041 741098
773372745 412539353 2096373
805744462 50959318 11801
582526764 40632699 571531
488551277 232389540 6501460
986949248 238981040 7602420
252686037 384883247 4197836
287066520 223836251 3689405
972413534 472599186 5045366
314671924 484937138 6836849
333857288 203710699 4667513
417135212 315728792 4276846
628711764 695975323 7970466
796089008 26088956 6708772
39547708 28104179 6844123
548339990 257561960 3030070
209589053 891530593 2708136
972533744 301074103 5732884
21305228 462931306 8303283
98001488 49999758 6995628
271606736 716977005 1514493
363414056 12627006 1748994
20075400 143306857 9123383
578215223 614862075 160484
492996559 728914107 7529446
325898163 117671720 6116180
593047653 490316099 6387980
470727536 520339650 4364941
318049231 231414075 1723502
964324814 602411024 3132752
224345532 628996444 2993635
404366303 887483488 6810744
677055248 20281429 5473721
807421049 751627075 5456686
441896233 117486928 6828542
521379647 208442700 8906776
268258265 847961800 1437477
596501446 221104019 689607
153277979 161741701 995261
972240321 370964547 6654998
173235726 865595596 8612914
578444109 718375821 831244
326864641 405406274 6578191
897907936 364777781 2932517
177028137 586277067 1916839
134382126 655672517 2392317
306153873 338965420 5053276
742217868 16632516 8374865
744256466 883611225 595042
523617252 860693464 2326473
226436491 355890582 8201717
45152399 588946741 4597864
790647498 802695556 5338958
170811360 577483185 679905
837557941 24118728 9109415
625284928 342374964 2824197
141837874 745207103 2377943
264332731 403479710 953105
582896537 344162947 708492
177088356 232670264 3849176
267639246 372290518 58268
75950282 33783112 7525217
432431414 375414345 8137920
393098115 796019602 2886878
671072716 567166520 3180367
174972319 886396877 526981
16791075 481598337 3930069
929095412 428979678 8766340
95631971 107662900 8730026
292766697 48752543 6515439
908359299 333348489 1450319
91219074 658248033 4828436
128821914 170682268 598086
810154317 215926270 1492340
185986438 47325698 1482829
149934045 911139594 3694891
844710087 215250794 5013373
171185335 542777858 4149481
950444820 57192380 7798839
761135731 140531934 8273878
222350299 78347682 4796235
256291917 651729214 2959939
36373993 286842206 2688534
705217981 919948831 489029
853261029 378053777 5851271
125676735 320808550 3396319
577639731 842317626 5288754
870837764 248855668 2337756
265710579 697423286 502349
32798260 242830466 7986562
364970039 204775487 5827101
783560616 8722117 5204733
720478724 849080881 9683748
522750826 615361606 1754436
866501308 220632752 10198154
86883893 312489045 617800
982554564 605965537 3055961
506483878 87049793 2470780
205941342 498008808 124327
792708603 140562099 1119783
166888628 357507173 2857910
687907010 891993524 43199
143302976 494910960 5889467
689728967 100588225 5551723
870518043 650440041 138059
247282864 53827599 4244596
300419199 33015025 1518382
738469747 418022785 10063862
297176084 829445623 7597832
283161372 750098686 5539066
503740207 705110516 3526852
912160467 772175071 5641124
816714705 341402940 2462422
223124652 113961618 5039555
260265177 804360193 5267817
784201228 247115608 77936
461463093 465478396 7589737
68405488 172256748 4315497
24194268 815760185 839066
271695357 578367398 2337714
948576625 723502308 6590324
858411945 248494884 3009251
773130056 476381766 7877280
299500405 155127535 1479285
112398827 388795449 3052670
254898204 696565786 4911867
890199146 84244657 1055544
273544387 255382337 2139214
733003391 797486376 3337763
309650945 605986850 4121854
714143691 71782465 7575316
772737837 9071589 1075388
867267352 789058805 2422005
222528068 689253689 6626090
928294499 238519624 5910828
267686192 680494989 6404094
462905257 131182262 5750022
825711035 617157184 4787589
549269135 624116044 3711528
507780947 606994643 8903466
382061665 190117784 1041905
408530711 75376648 12078029
341625603 309791269 4287848
942620648 511433066 2192857
719031045 112155960 5010864
216840510 264059623 5890350
748515215 911505651 6836372
531671251 266107561 8434410
630243751 208010262 603038
685868880 474579570 1958819
205965802 669330998 7722386
598535764 448705132 8997411
167489223 89094548 3379219
583379745 270238283 2868139
67114691 683839356 5352750
813167920 561352705 10392190
763000725 811056993 8167111
193667021 353746428 6328983
882140327 577771134 5667622
988080577 539663148 4097755
663260487 670302530 1768872
6209848 413586779 1457199
64684341 295941411 6011669
484908909 114338715 11012667
524370800 19637500 9097115
903929544 725420411 1675009
730657813 889282774 343282
54541098 760969230 3736000
452212913 24690884 4870008
534638668 235377027 6544840
215321144 525884492 3045739
197178739 49766034 3830723
955985086 212235586 5194675
767342161 682453989 4748243
276482301 539450105 2421597
829319098 424062174 3951604
365563356 895953402 6437323
941863638 167246952 6975771
754253054 324249971 4903788
537451713 828311550 1604299
180685229 243296584 441011
200573314 638318552 4627585
66662816 223003209 219649
350485499 739002411 6989506
268869698 858905347 6146117
66213802 58127856 3283263
670475299 877072690 5789310
958672688 815608856 2030490
767508867 351856750 4999918
167152803 263796058 1906106
390639310 264386504 5744851
933248183 681774105 7805184
182922420 599995868 5203262
774105095 620917823 2680317
714298323 913101319 4637959
758046017 171303333 7724038
642780419 322724019 8893174
762419457 79827074 2253160
558535261 898884283 3086916
327731791 679020850 2305570
199610905 125954829 3294320
747857126 245667260 4337193
337357774 381143044 2063157
103275456 569909526 8306322
933540488 27632998 362636
529652492 495901673 1718579
79800689 439515588 2640625
579852365 667822544 8509974
439923937 498429069 1258294
606930111 760906055 8693177
869095575 849656362 1374114
986455408 155808577 4873187
163090237 917355733 2070414
698342610 117146058 4055196
251055023 366704253 5804666
615595563 388846269 3507637
203565948 273938556 4509587
230135510 437101313 4999795
6135931 30574993 1321745
430333431 716513810 5007545
676103032 861815657 2596717
215978875 469913739 181023
671928481 721573428 7187137
642991389 54145180 5619880
9578214 749461315 2841104
218288772 53336523 8449952
134557824 585976689 12664904
987380509 454715532 4819423
700998388 826900182 3456322
911928465 762087730 33896
474626277 26808696 6866920
730690787 571376349 7189682
223362422 315218170 1647657
668548022 633930644 7967878
294227926 448869761 4349186
222413629 326306450 1506571
428405389 684498851 8100674
501729887 162052129 5396592
325702902 153224576 4804394
846623092 274273097 5310372
605128962 534784920 1921972
184622682 277538764 6572396
475908134 540760961 7483349
207589914 14382878 2671119
442183265 601656351 8139847
166704680 129218860 1719999
283909956 722388974 5647508
426511069 44061351 7012597
359893214 797025318 2491387
172076447 347009842 469303
373304248 736766230 5391033
80502414 699095505 5092688
179580627 413392070 5071539
50302893 630277730 3577110
718691704 595994703 8792627
362094221 759001065 1089813
750275478 658299579 909144
170285468 468169930 596054
137955265 701559301 1054950
467381192 787013206 1776802
205283347 588076524 8079786
101647344 701768569 5104251
148706960 857906635 765324
627683423 25590883 3340761
902666175 251346411 2553889
395850455 870556515 1876786
253741135 911268707 3511650
173284936 254026909 152433
132149667 332669360 2060552
130731133 422175487 7565775
793946228 190890564 4663389
69565215 747597500 5349697
476777843 213851364 976837
65646325 640010378 5387857
102971532 799135994 4121845
512522712 373884908 6004229
842236816 396091098 3509559
889503541 890715217 662954
581045012 552978202 5327
924732813 407546024 4719619
528946345 834507457 4025279
343961038 125595281 3533838
302614788 737340521 8912755
135216201 81518026 6860859
510223516 183949185 9336979
146463707 353394348 2919294
965187366 914394812 5053736
913498439 917104264 3135129
694350854 767771331 4845251
344525252 171299375 6550528
227418074 192379898 854603
78725468 882074084 6079526
377027167 260195653 2284624
568998001 204446256 4790968
851867205 727896789 146093
459078617 243360539 1741721
128753160 692324068 5136322
808614763 16863600 100871
965401497 94891451 3454005
187963841 142193569 2041933
380210368 295732276 5145268
391916832 47277442 7963667
424336334 103662380 5765557
784022426 678470488 2238094
665079025 664773184 1767203
627017322 445046923 6272167
44537942 606781772 6338745
214061569 301274780 9199822
58684558 12077879 2964664
809099740 814318363 7128150
740001060 830035942 5767484
244370738 350585129 2643564
738720122 345914081 355980
692200994 278499605 7292702
448214338 166544855 1984294
603343863 633019003 830606
232238189 202472916 807208
290441128 264930262 2186214
272905332 449898638 911159
175889957 629423172 9029020
804610637 618688205 6346375
309588789 915218370 2819780
597194307 519846610 1399220
643462995 677967561 8107759
118937941 106475204 65104
649157857 376280554 5228300
735394194 319784188 7555251
279572356 907956131 3951477
855562874 327158075 7780926
466689549 265777599 6756628
675417006 774354178 7413658
345943362 686054477 7710056
339047351 454450108 4600635
851492130 807264944 9366676
246158250 413561905 4983481
513343559 795596401 2403608
121392059 804524403 1951852
21955418 862682789 6835769
434933005 207927703 4310995
295524432 107699701 6509127
922406585 560877804 4748948
430717925 195306873 3472326
846978490 704157688 8653936
395913757 21851912 7540759
391923731 163585032 95102
887230260 13299821 2534254
975365619 583683081 5658606
834595196 870704122 679638
755219491 582080564 10362779
344232702 761459553 7088104
21455229 196296576 7939978
397180429 833232081 3924620
507308662 488090134 2212683
583055620 60553191 5583686
955751085 78205884 781295
208867048 475325705 1977572
440889536 400309922 4112662
274911997 553589674 7073522
917379696 897955081 8114356
953530531 692081909 938659
681284415 538922765 6154947
138293859 362434853 1559406
904034939 222624357 5925221
256905211 396955611 1600577
686903046 176308999 247112
895063477 594659411 7706551
662291399 416036262 370038
570080696 254456188 7457924
832037047 676822473 4610587
67641743 96161404 6770714
416147444 632398683 489595
382031169 597071244 9322819
315871961 821856797 5937601
637753585 852206019 3715672
425245384 617715779 3044718
780420914 376488385 6924843
680890924 236446894 5373365
410527344 364079410 3413111
196775682 843283237 2506851
711059395 812328296 6358424
159734770 426077007 6684160
739671252 714487605 5747704
103326611 233496254 4568747
435962135 19307123 5979888
549268157 599481591 151738
535950545 150979578 2434039
606318302 231421080 6038407
700532098 371185935 7076706
751735814 684206715 6065861
642535808 293973152 6499312
555247057 594711276 1521010
89545882 70289446 6662327
949869840 271308212 6687194
313659216 716015560 751268
950837255 401743635 6495570
419834283 553692074 7061513
771685963 182715101 1223296
595361348 583237348 4700636
462436853 45339889 7221230
654439436 481843696 1007498
121237524 339261423 2848263
197629535 106035349 4075839
918418494 124083862 5965956
643766474 511910668 3035963
321261150 258009458 4011944
371136168 102310143 1480010
217962185 863844017 2591260
52450207 302077858 178994
410219507 821879943 4182920
848552986 682371562 3475021
573137252 487685515 5995437
222195971 512635721 4953771
457199487 157646488 1759755
566038166 593575231 1491530
520291388 654624610 6880845
182529023 468479728 3957365
949268780 885648483 5985873
778355999 601942159 2033607
545336219 68528575 19212
240974049 127481310 1083296
246186615 226028795 8769584
958472699 34356298 1911228
524826633 531216734 1176902
721439043 147939785 5451876
505043665 31877983 718703
542803051 415289208 2329218
739154718 118525776 5829079
596498407 204180412 7405817
91550750 141615982 5488989
15627952 73132548 1873340
199042101 253888882 5060983
547512280 25677509 1203272
124318079 540772736 5579400
345582591 280457604 3939866
57873177 720449652 4839688
481776520 588531477 8362576
352954020 828304329 4087438
223706265 794351658 3155203
600658021 513449937 632660
605697521 158807737 2104893
972832010 111408377 311019
909805415 300497630 4402526
609550634 786515924 7441972
856921229 364727295 766623
122986801 488419888 5314925
943779315 560254780 2396601
983826037 386892413 4048265
404807872 574718957 8258927
238424247 511748341 4663842
309754139 255951008 572842
156367411 859567800 269728
113781599 207825594 9008351
559982212 552413786 926344
452008064 823171241 12070498
804965700 6002700 2866005
238491630 565206597 754232
584038017 784530395 5712840
978165997 645041076 2771715
474331768 704059938 8590661
510168296 821435777 646713
112567714 80848901 4017176
711484947 451648773 6571684
506032100 830306567 1224172
393820456 384874726 5893890
54562048 155880122 5946200
454254128 578098226 2748140
453744484 384335247 1795761
470638836 673808655 4244139
760906148 499131327 7554402
495091253 319867859 729122
300683764 668139672 4982891
652804709 907806423 7499663
544153393 793361692 3703847
197759627 794000285 8640577
489785738 281337291 1558990
539111125 435820768 8568378
442614399 253444187 908516
150761074 848323867 2598824
891162259 146053842 5599943
785840588 858563096 2028623
514589226 406365137 4959222
309322279 798216272 2433706
211462216 100802264 2119503
768833406 713346399 7199748
318820987 881867664 778243
274684368 788808284 2778282
426812698 251173236 7498497
251730672 479543405 8819557
975255363 261794688 6874381
864509461 548457382 7573586
424194957 583586484 3351618
38390954 104657258 8118806
361407536 556077099 8987818
243780322 198283435 3220465
528371194 377382490 1200607
174055982 143036849 5631183
799619462 729109991 5181770
912636386 541674326 3248802
779720391 588568836 6657641
11185352 781706715 4235566
864473330 529635506 4333802
480326023 648509370 4777488
183707804 587265746 303649
754985844 553980748 8189814
119390010 131194752 1810056
656315016 776835808 604827
711895494 337932097 9653368
984287354 413107447 1647711
954440976 426822076 6221581
987232579 500738754 3860952
419013322 347908667 2867386
186548002 115913824 138795
859296614 695586222 1211397
420126161 590893337 301081
24860918 505819586 2605152
653820556 762723762 661307
670205213 292197403 1241149
638263960 239056266 5521348
889378427 198597988 3048830
334696882 41355578 6085359
163942620 244299456 1930940
726325695 749763213 533017
946113220 308127938 3077480
279015983 232122157 2197140
668060131 310029266 3775994
508956513 317518791 2038253
8179929 16054363 612217
886742455 228724756 1060405
742331038 609840547 4063119
71889060 843186843 2095941
105036169 465129071 2676582
979065056 404474878 920976
948692534 352382980 5672310
946632170 374622591 4976064
224170777 149428750 2277734
331097122 605995897 1596038
380286712 851627134 4862242
740248431 206698064 4549794
641828536 182619424 9027020
643922380 886307200 3219938
156941466 467245669 6126911
966968987 349115073 4224210
207535210 465788217 3074262
804092580 457251563 5434255
26384468 702264603 295207
251058931 755736854 4001675
496203884 676776786 3981785
914650426 74276816 9153456
348215852 369464011 3016825
724124209 469795794 3015487
327192883 96920390 1765328
397511476 188627947 7711356
496753423 890513032 6278150
991629609 326123391 978892
920308690 777306459 268421
801037066 246219374 481996
351799676 619274084 9602534
473269370 239171273 4499011
342164286 497397397 2583289
545534350 719191710 5579439
621869898 851132550 5682573
963729630 157013006 5656082
526992446 117132046 863448
509818029 687848123 7363754
842014357 883484344 3822139
292912163 539774063 5399215
648463744 732648720 326984
760367766 430988624 3705088
904888881 373960783 256909
968952294 134129132 6805262
112163195 340866855 969618
995344348 360065769 1841400
270468382 51181583 5252524
220933975 162713697 4444455
320202518 446267178 7697204
707583074 492510429 7533543
756886456 458018637 7527089
568708643 878116201 5391155
955282982 525574489 2106006
609054469 182804626 6710032
983838324 904312223 3141170
782004370 123976991 8804530
309626994 852507232 8586221
377290329 129765643 1265311
240199352 702817805 3505207
589853028 884355848 4000334
535162579 379731099 1678000
814543603 151857926 1342035
771218431 422528014 3002722
727985475 548171922 6979380
378451629 10942673 5300671
275283693 651108372 2054604
789712901 215264162 5199803
797599831 374558314 4572040
934164178 614638975 9071020
64884643 120171838 7308648
630763779 764261634 7845100
599245623 503508373 2235648
450122830 861952074 4226087
518297895 116618017 1926999
871449976 91321499 6439288
983776909 840254796 3983828
891067443 439847794 6415739
7832911 572277092 1763467
79850082 568594808 5545264
166430420 396453587 4304245
734789466 89058887 7293886
7979500 552015632 2766761
887971541 534031512 8560210
377367358 751403901 1856241
465247447 72813909 3597610
639867858 76722737 3864686
866719868 708480245 4048657
631253175 460082190 3089800
799466926 421515411 3701604
854760298 412745190 8164379
860255541 659012830 5862789
298013640 806027554 6199384
873448147 51156302 7291419
179901412 483160516 3498388
512216171 756168685 6789729
467129742 612495146 2997303
731844067 880143179 828117
129705074 220524549 3978637
357464856 656593164 10307342
163250521 529740534 1807633
966948660 674266289 5829112
309599838 22027250 1655798
611173210 494808980 6667897
217496893 824724034 6276008
412120194 267635796 5264103
347405451 221717161 1875505
960810004 620023096 5263726
153444887 557365440 8033264
18495406 635969357 9355808
667872724 70966134 1380447
42010725 821522573 2446223
274496390 391043576 7720215
541450401 678018100 5274703
321876879 67875471 5637453
986481053 429487736 8765002
308646511 235526625 36625
780967196 839245685 6369390
223297430 770148458 7210565
582872279 97362427 5639167
459247678 146886769 3727789
848710375 549750383 3422444
265148249 209620249 5810254
868637651 876669937 6721502
916778503 792826075 5856264
118112189 879622759 7529766
565399979 692300562 5560427
446914723 70184429 4173191
590842135 282316153 5252788
853616998 506761262 6006277
422764096 493431846 51562
117834661 273495831 8359714
36914650 479622507 5898686
538971726 359716941 5583696
374538253 570199977 1254309
256838915 522604256 4093753
36593164 562262655 7218386
337864464 806540573 9479198
313860378 41098261 5940728
94735253 778660911 3391044
798343462 590662265 5572025
731788310 486591397 8183310
849710787 611329934 9780428
162509628 180724299 389403
103062485 908398471 4558240
499180432 796414294 4309218
249706823 449357833 8047582
483969718 334494104 6127846
191308123 500041790 8242019
222280282 564904302 5496270
827882538 242680063 2067593
505999228 805391163 375114
822722896 134351559 6093240
257372115 155020661 8820695
337862767 321804244 162741
693555103 662310913 6096055
586582279 401104002 6261075
380573821 239977447 4613618
791602594 881366004 4304142
120286204 641202184 4022020
906879369 428673944 5284651
49856448 134614274 3529049
735433762 270765412 1387127
830698617 769828087 4645997
284592332 172989743 9333398
384246558 903926063 3945809
713829444 784813336 8096302
58272924 82859092 3482457
384603207 226053413 4137420
57290085 270517274 8501121
170152610 697749776 7147644
445548201 210475692 1975595
807623754 498534726 6369937
25117609 61623368 2677406
31103297 774343330 5126916
499997179 516040591 1423046
921124376 581801367 1828504
320669236 634398694 8637375
130511022 854359998 2495925
576342191 151200744 1835882
147504523 305190550 4533963
112020456 414990308 4853191
669662102 176471612 8628197
748218069 279717406 6056250
519725988 253737800 1887256
542814680 879207659 5329386
724935741 213835656 4384429
413828283 726829656 1222711
786482487 89874855 4069994
816386857 528155599 7969385
552964878 471101309 3105088
530554200 673483931 2614459
651570813 428144483 6729997
864859983 687222892 3235516
540146961 327914304 5436012
459720529 185415701 6028593
354874234 454359482 6161681
12134387 802878924 7529308
574781668 750577072 6140370
158955626 196227482 4491269
806500333 35713711 86201
14135528 835447349 4887979
584809141 188830478 1718472
381852186 674975138 3361246
678512608 423159269 7442863
413079000 334014528 3137570
951940430 799635803 678493
845483196 199385715 5450724
680124658 258024320 6463646
448862388 738870497 8198273
448042628 87799799 5627473
299395281 209899537 8104417
701680269 18406799 184912
383332038 71057529 3114483
599532764 321602309 3460399
539690193 305489449 5596728
952965730 835673234 7194690
35485678 746910582 7653722
468806857 91035114 8659947
19928883 374679635 4667079
713898007 9502833 2797322
930582186 274886859 6068860
754082309 700603960 3824890
764175073 377434975 1686618
395804837 548124387 7801989
814652842 53988358 2672266
972991677 503067369 3767628
275701333 212411162 72678
798091341 439325203 550372
573990995 326767217 10214857
693350071 80593150 7876094
383386468 181215869 544629
925264986 780544694 508849
709676982 249823330 11234942
424451248 824216903 3053285
305741436 354794026 1782554
847102980 482287426 6428588
531615574 876766399 1466558
356871388 221342177 2623684
271848694 458792934 5007799
504891558 641353387 6985181
284381023 867892799 617346
798035671 829640818 4910005
193392865 699544030 7304072
604646493 478430324 2146147
377839151 158839490 8642569
545801861 569271163 1358550
125578048 199685710 361009
489226601 605280383 1209389
236012817 464762639 2133640
490504349 658008039 2089056
435386686 139633517 6332404
385290969 728808457 81555
212172946 107512940 657837
633093471 274591465 6788058
263561962 354616921 3160378
158486509 780191559 4537309
215234093 201280245 5222187
840945738 562123475 1212623
135746348 514707477 1385113
201735010 79279848 6229417
407338938 210399749 4400151
232532169 904700212 6844600
184646370 10779272 2618923
408036562 502804009 6179630
611755712 885111859 3789484
496073237 59748390 8015067
79910008 760868466 966648
652414208 560915915 5214835
21587138 327939096 9457381
123252778 617683947 2695602
545630330 783455983 1787067
339750093 716282175 8064832
830613636 728109909 8794380
758139734 663549486 4692050
675299386 517707583 3030667
726483331 380192397 6521981
294411815 895083684 3539879
915792781 598951202 5555341
38302451 169057406 5660416
214768032 613363725 722640
170442826 677797552 1074576
979939777 74955141 2874455
755290958 4649839 287250
558985030 347560328 4146218
788375801 354878719 8647767
52317458 549012849 563332
588177195 308693442 1545854
68477305 322127264 8907193
25977516 84167845 2565714
112383080 321334522 2729421
361516047 858418790 7546000
230860637 136442772 4434234
111309389 152187186 6824954
658173207 582450103 8926142
951285657 777353027 5796601
437146435 230075292 2983666
810684533 409768011 4629426
520646317 745876618 1559674
883966173 165674530 5044717
807940541 276357961 6300793
426212891 459277620 7732435
604157558 299390974 7129509
689819436 312057969 1091130
341469962 521169068 8419579
229271326 595482356 1893086
727340001 305643569 2617382
912167404 159773489 8727459
583997638 859200908 5740298
820029764 440236630 4075857
464135944 164742663 2716593
455475100 404102511 1755769
821701746 591790325 7347278
526505644 460112896 3126590
250934278 840461573 8441708
562992366 909919422 4076867
826189913 412664587 3716371
812533853 331730966 3563028
913816757 415611333 3818352
879796817 200388690 2151600
874859282 452272579 6354059
17825977 562871647 2558439
632243149 159448909 3618416
652876407 862099495 8583964
80624192 670699343 3517334
819996938 491781583 1791675
357439781 574293203 1620864
905093231 133435412 3433161
22458207 403386600 2509143
875875092 623431969 3926936
197486076 29941116 7198278
45009558 9850499 2031249
96914826 833799372 3833438
28923796 810481825 1769266
323945609 783515964 3944192
859514675 771652725 5115622
339280427 72149873 4569784
59333510 39768172 1411601
198491513 644877440 129612
299384393 285504017 6999070
799641460 863311553 79849
239602626 207745389 2727037
935935892 400624472 2493673
116705171 841298270 6409844
27816164 883702212 999938
878859060 504191677 7514723
618551395 716665756 837125
749206325 226186657 6035334
143578218 16506992 7317744
398719029 337230213 523058
390972288 708638903 8251015
217486702 743348961 5095455
891391712 911277324 3176918
629021074 257170864 4200138
823752910 225143986 4775087
250763602 737795752 3800944
213757358 729742037 613621
377556905 453308190 2427807
216361330 398775780 8985239
175876271 832802345 5131502
495797521 852897988 6278002
626506029 57646655 5924767
892753293 290341512 5424467
948651545 190292540 8317259
627306117 620647715 265852
492696994 249854830 2805277
178226763 216805209 1285726
649457615 654968829 5402735
298887834 410816792 8097788
658125901 87006195 4630048
422694335 289319766 4932096
867952891 859800314 1179634
50132175 194517687 2469112
497487565 631956659 908863
318314168 671816172 1320718
504453343 263350043 1435277
98049574 891340392 6438877
556278193 480378236 1919334
248561406 313903897 3876970
89293836 688595515 503628
714962731 567166139 427394
73052002 351714790 2886051
238276298 804283166 4983314
714144644 195151137 8527632
800641013 146999681 1707116
484091557 838021901 5014450
905614999 319745020 6984348
650817454 464807572 768938
137127005 378357889 5571624
52121893 866025403 6506547
617162339 314869535 2153956
391215029 101018534 3518831
812426664 63106968 2905924
244407998 178056847 4383623
743777810 532035215 3529428
935001953 44882276 2999749
170041182 506304594 2640327
337536759 871538845 5276934
149085654 238429321 5281227
786861466 569933307 217755
687896203 442404763 1725639
69724911 491911396 9300337
472607952 156843193 1990252
698113216 689402453 6343723
565457634 45450127 822694
84065119 393431616 73848
60783857 732572457 989681
929374358 305801070 1157969
236827911 398933168 5014968
624736489 881339751 4206726
689942387 846689261 7608292
348069974 857442502 403373
55895599 890460491 4110956
585684704 762020494 3466369
358945788 514472937 921050
466773571 212031420 5280314
804036903 712234828 2728099
948930710 809603192 1762157
763030441 785108711 4925736
192863783 216165496 6093041
441688241 268775061 4285558
752635797 95601188 4714331
545913517 850686901 3612683
168405898 801077835 4348600
903246249 513189357 1433327
517155091 905165074 9851777
177438773 336536124 1827811
594824586 613682140 5436086
284263039 144260522 2147152
936504421 144074632 6035823
334452701 89804961 57233
537119434 177666221 9229139
335836714 345128492 9740620
555582297 76208376 6580108
27690131 534421278 4112203
632073775 635154308 1840017
542135863 124581366 7136189
719762845 717680659 4167792
943044984 587499830 5893838
96917707 436356738 6413563
559702599 673752189 4574158
191015847 836142815 200203
450419525 789563317 4857205
177334447 748964299 3225928
809987697 393063253 4780496
577313037 503820519 2337735
23364735 588448096 7430039
32459222 379418625 403471
549908752 99752004 8772777
714526201 645408040 5102223
956045496 142418691 2203806
46244730 316459787 2818308
736504104 54545002 2002604
783274066 740143018 8186860
535558646 635873150 8025261
913308206 715236979 4396462
864766680 25220974 3529605
494529476 821136685 6703067
825360163 84521592 5774147
258074229 566698916 6030271
886117431 833987961 4610961
428292940 523103581 7165875
727717456 513050954 1969301
529248412 728808998 4950868
513635908 137541620 4904067
963801857 857035135 5692783
841499317 565365033 370763
467298233 350917717 7711181
406884983 289244755 1327420
693538003 11377035 7158608
660190361 881466901 408077
189992478 448346858 5363908
155410822 112665384 7681393
520456496 844889173 3786947
890582028 731249935 2552530
115218882 62994390 5611747
587185170 639030405 9024039
121509228 718256308 6807583
364144951 433663026 3281779
930335691 213632602 7340753
825045627 365858113 8024456
625893029 100384327 7968841
325571510 914738185 3975766
393703722 353307382 4067635
78034783 190065146 7324091
282560120 767844835 6733691
263559766 179965675 2076349
884767114 400254088 5354844
981227433 194307003 5386883
149783596 398058941 1556341
732672027 900716972 4207442
570107075 137248706 4703552
70319619 613128483 4535233
475475952 754095484 2564209
506844378 429765392 8380178
870935604 346414160 5143282
663656770 248542539 3907876
676549138 81824438 2512484
295588082 505744775 4403987
243637765 376312119 307986
22221932 747426296 52359
976114222 175740372 4345442
571166037 55447895 154945
901400773 339552059 3611622
703199227 63015423 1020148
730221699 31854432 1147422
255546401 547026187 5037881
89711373 361319684 5191643
562248126 921142049 672458
635481867 609025602 5788260
867669596 838978432 3715722
411352703 707699015 5762430
184082581 80914226 3728748
512027756 393302274 2785262
17509809 275672850 8362286
876646747 600069297 933736
584127583 801681632 3238355
589110437 353290700 5767971
687834305 647652403 3995396
984385838 358660814 3894817
367333252 282350248 5013217
16235772 821899300 9310
703701260 290486318 628294
180587471 377678445 334083
61629087 658903510 6240250
445593692 884619482 7467252
566254362 567643950 9999427
494489079 907415390 1320645
578894915 170117471 3264503
882806063 733951774 1642991
228447032 660313570 330365
318198956 685593788 3278030
810728157 179487576 3517624
123651488 242356084 5460668
188324942 301661811 8014741
479900562 804072269 7274290
307315650 883383318 5760841
976021596 329170642 7764743
657263077 494065199 2940172
156140444 333166440 7253075
642065763 780877239 3573510
480029593 11654040 1567229
435541924 60413205 3511173
753725713 398881350 6733795
606462546 383454410 3506426
750064518 340039110 5789891
559935228 650154291 7363394
851105811 868715607 1840213
991118125 481988940 4354592
621308496 146569556 4027231
785071318 434465014 6901990
873391100 904172489 5428096
892304883 466860176 2794088
907978182 700579881 5097676
667624449 692303703 11207985
988158212 660526172 6329061
427665143 570419298 5430454
832829861 500860390 7604985
60785513 851516458 3349827
142709601 824465261 7565973
206900397 728705825 646786
776039419 94737787 3043267
651882257 32962534 6917837
756253210 795091658 531847
674524354 369547862 9113318
497018756 506989098 123724
80097012 592057818 7312952
323277027 592115147 7754922
293011149 76565992 7327368
79467079 629213248 4728273
922123818 716809310 119413
705423875 402237086 8585334
140176416 146994203 3732151
641001102 110320309 2567863
713415679 180633324 1017951
554633374 738978680 9185409
254392606 727472362 1461056
452454073 718034205 5379024
984593457 28739199 1419808
585002632 877587186 593566
162737333 229617952 2261835
42313429 710561451 3617617
709343330 618926172 6742029
218556376 185281309 5026437
390947428 656201979 7323950
856517126 187108723 4161337
397769148 313926212 9211778
775569506 634267288 3664614
241434850 653172573 676059
690828177 909673560 4019808
538928905 553600383 52705
655054045 448350065 6228924
929272917 812915692 8827757
741612428 361385440 3203043
239393474 790828511 1395112
683243944 301289575 1096256
945621457 27176654 2215542
618450580 621069105 4248300
326945859 83039688 3748518
520590317 349139892 4548308
685063630 466756325 2606144
402902496 731309771 6540448
909967119 813203930 991133
787185087 67432739 7609411
417541394 909877896 4778527
228500068 612024543 4063478
95017511 407554432 6231045
391939061 443220246 8723253
577746948 538997115 6017496
841126905 44474554 78896
532188801 80967536 8882771
400679030 910032366 5410949
712028565 283742633 874208
215526794 15417063 1077813
555919839 230490058 4477954
246359771 882041456 3576415
321777941 183702813 6863000
622084017 638029227 4745466
805364176 705029666 578889
441328826 349889826 3479555
132413473 105319063 7194327
608131209 522514360 2729759
872890718 671119918 5332670
327437359 566951142 8271604
843705841 439850428 6840028
659929073 742433570 6904717
520272687 785326423 890790
723622525 669265332 7434470
55800445 349662724 6812589
299697301 563239028 2279700
637794289 869435211 2480575
66722132 819477941 7130051
305926348 381868542 7411855
780126092 489996938 2086943
740501937 510528472 4193107
620885019 11314085 2185005
290051673 522109640 220607
258752851 717544370 3217915
78191760 522898570 1815954
552656134 360338004 1468832
348578174 398248645 1453417
241825487 39644570 4457903
907397025 391194440 8368334
186958816 526796682 8492925
404302878 235650719 8186341
329828049 272868023 7627237
298173374 436361421 2480058
15353265 502319299 582920
846171662 140743979 1737427
130984222 443206823 354354
550444689 546378136 1315836
617460571 463241758 6194180
320618267 769477986 4606029
909806015 452964236 8572144
319147704 325313292 8117521
855012483 114190146 7023995
776713760 660779719 3597309
187143035 394091910 7750176
189849796 176916417 10817863
921213835 261756349 4305828
826933948 752166984 7094667
198895802 416630071 8460904
837468697 686802155 2955746
871223211 180144531 1259893
825530429 576210296 281710
521562177 571297069 8723033
102138347 482233816 4833857
877382680 518031323 1413609
375686441 483698627 9654686
945186724 691534426 231674
658992260 512703353 6210906
107926365 367208153 634305
43948272 59942782 1924226
503757720 664192237 2990280
227797914 853160864 2805051
249364825 861681447 6440994
632703804 482808453 6661554
171831313 563201977 4271558
467355075 394100058 5484138
38249842 392318080 6262489
474922597 495548693 6598254
87196997 292880518 3723880
465073591 798460764 652630
80899947 389721454 1214238
217848055 223902978 9201080
933355861 777844843 3928308
210156931 338192675 8429325
10690509 172819879 4053872
881418907 29391359 4958543
84817831 549483593 8110944
247056863 287373191 6178438
773453393 34353452 4352510
807669078 313480547 7816127
431790518 743462385 2359275
915878430 733033820 70319
210395301 442103631 6644965
393639782 518922294 4824870
571658062 184534700 3362055
178853565 13445517 1142264
464262888 848829777 2244404
304672965 164211803 1362437
692469138 509427592 6466464
179028130 728867828 6338639
777218064 700212987 183788
70719231 78373705 879157
547317663 505874717 7769501
277795757 491012542 9555457
729770279 263311101 1893182
467563338 908656512 8688208
472390563 59619663 3762850
798848427 102916278 6466317
160126459 812893139 4310989
265347674 92775514 11832601
149036187 732117861 6480059
443121475 482102472 7492886
246026019 768314912 2840383
642026236 399255142 3997690
219492270 650669105 6082334
890498115 353199323 4421195
632762264 123617033 1476303
262021823 773166581 4929608
608525621 113702972 3179265
392471948 410609043 1176044
230611921 421404228 5277472
242497282 329629122 3783106
371622524 57193550 2697641
282799695 880109405 5116710
228556099 378046219 4785162
38073795 457564870 2975250
908526210 855325802 3295247
876920965 643765449 5111230
384247185 879124503 4803246
484754861 862935759 892388
404264610 271731226 554131
508153806 738129573 1524609
238588131 99380988 7320631
700452873 130922481 316609
945507889 860918464 2433995
740382131 139499707 4458748
656283093 461328546 1847320
565589505 422099897 6718323
967262765 762824174 3499427
155588826 63442446 7080991
528773323 100464360 4097176
187985461 552396260 6569463
637003378 211832192 3706658
775681489 906791625 3361715
483347472 851285151 954317
245858993 269548811 6260857
677474040 335218696 4467534
300674553 714299838 4472646
977673591 48437805 5450638
762053703 22277706 1063160
276183910 626961919 2708539
845428134 301563501 5719539
665755301 390115566 6152856
738040796 814827440 3868399
233791401 718342737 300458
534049395 528805281 677443
69959760 424090171 2097419
42987921 897192628 781993
533714123 478104749 7113141
327644538 296987724 7045130
714062884 515397041 1820603
118392194 780763398 2653626
945067757 88672696 7211325
366203535 17052733 1171503
770199115 921028832 655333
984583960 769841075 7115377
440101066 574820508 2644906
379925165 765828433 7332224
47685046 788804569 5189352
978788497 872967332 5843753
757535770 617889315 4345926
266373168 124812963 3445481
169020738 98335914 1253381
567345709 851731442 2923648
818612552 296682356 5321463
606367857 900848955 6298348
109991311 25795284 9211550
492222627 357340606 7399882
211428752 543261251 4719873
43186693 85143395 4663273
660934246 411408344 2188098
439743647 428245993 4298051
264953829 891633161 6393626
485464434 444694396 8264418
475265021 308733103 6500430
526354588 55896309 8107292
518639474 505034145 5297580
787367480 778356091 9722849
248417544 634209967 6111492
349437456 206365840 4028235
824761458 62951411 1402822
559353201 836428360 5418326
636753281 430371803 2547347
904306511 570389726 6171584
559614387 157157535 3405808
541429071 660231895 4741464
825313689 914161935 5801953
556549605 530498686 5233300
59629404 694951672 2375341
23041533 906723762 1474861
894651996 758600079 7898380
714122852 699393933 3836566
567718016 289695983 7950424
264875762 335576827 4766320
336509732 480707150 1305829
432169734 899049518 6182286
147818299 799488512 575671
605403649 853701141 5700871
93416087 334683731 7011766
437688093 851564293 4849467
142113330 541312260 1939592
332878070 368898322 2855007
625094775 291928749 3078518
686638700 619895275 4472829
628383178 913838417 5274537
619636697 118434644 3535446
134020388 474156935 6261633
7209888 602961287 3130692
931879078 643784269 8715183
995665884 293620507 1121035
806132658 672332802 6162764
527980079 793599878 4612831
236642307 83515538 3618699
862015123 144253632 4537718
888173021 559451808 3547129
23910805 715319816 5324251
7684193 497663481 4071549
27591029 222063711 2067517
349228428 19892745 5569370
758064586 117944748 4333123
411152420 412611005 7234305
622812548 735237992 11943860
672479567 403948018 2054115
262264245 368092786 240604
598096854 130715270 7902760
289831769 794686975 1740019
70694548 911482039 4759978
849390400 347340853 5396279
909777884 282998148 4439841
432854804 869781490 1455291
135953390 638517586 4032744
156948528 520299040 4856339
365690561 719414058 915674
830360148 690005905 623441
201388327 374739077 1459278
92618951 35259439 1685804
760038208 644242422 3958142
724464540 821292715 2432870
806462559 347666847 3660575
469099041 423952892 8688115
236233763 319458006 2528951
756511201 379209176 3672957
70851081 404634742 6243802
969458654 898623561 1051483
653405786 269151017 5559099
453768639 250581985 3893294
606836283 347303787 291317
269078773 661019174 3071109
970878089 736819249 5907329
200729080 853237469 4315750
504700684 777060586 7959825
620350112 408274185 9896077
335404457 427275592 7816972
484525759 377210213 5517426
382019632 114390439 3854311
121655799 298520736 8825448
288970075 697666475 4485865
743587931 66847755 6366234
904793312 490340082 6254300
84499327 798549608 4736806
14431275 896285844 3568306
166349056 302836104 4494868
972574308 523776174 8915479
596121818 703545063 9651912
458874225 499737523 3161264
404519093 140924460 8829550
786400486 461952261 5306751
658642858 140344048 10064784
385801593 107357750 1249320
529452899 600032510 4798332
867320935 750824995 6958979
962282394 550122494 9854846
278114013 271403716 6063220
82856446 824620319 2830173
63293509 381447274 7315984
270605364 428906404 8062672
396538506 285758198 4000570
488042612 903290749 1104975
199799051 900102260 441455
510936956 855945284 4300555
260671304 869594604 1458163
771322153 393969924 4896565
370192553 911066793 3084048
344955907 849137903 673150
279133870 819405534 6739436
357447890 111431186 1038493
491234028 256881361 593005
587892270 77104027 6278458
487353197 689397658 1609243
39888709 649169549 7213908
745707770 754721652 8549179
837357444 662019334 2538755
14204678 44335564 5952477
397530943 627748021 5089350
740614385 445621384 778471
5777164 2
