78 463
461 74
200 367
25 321
243 76
248 76
441 389
25 321
369 442
73 346
232 267
124 21
354 141
180 229
441 389
88 163
170 189
180 229
200 71
88 163
160 322
62 463
300 476
1 3
452 422
228 124
154 311
12 215
180 229
421 69
7 473
210 141
63 417
95 344
88 163
9 455
271 69
62 463
410 230
72 247
447 292
15 361
73 346
429 247
63 417
221 91
92 354
199 426
108 455
155 438
59 221
456 214
160 36
140 463
447 292
71 473
461 74
445 26
95 344
72 133
200 71
200 367
85 324
71 473
200 367
243 76
210 141
408 369
468 107
1 3
20 443
160 36
160 322
176 441
15 361
99 55
72 133
371 316
15 361
210 141
12 215
154 311
160 322
71 473
155 438
31 74
461 74
44 152
221 59
71 473
155 438
50 217
441 389
17 326
140 463
202 292
180 229
232 275
200 71
108 455
18 305
108 455
12 215
1 3
270 394
146 53
232 267
408 369
200 231
123 445
372 255
25 321
108 455
408 369
410 230
31 74
354 141
14 480
420 397
78 463
262 442
183 19
410 230
200 367
160 36
63 417
202 292
85 324
263 11
146 53
12 215
85 324
180 229
183 19
14 480
200 367
180 229
62 463
150 64
50 217
150 64
88 163
88 375
62 463
189 197
200 71
210 141
14 411
59 221
155 438
189 197
202 292
410 230
456 214
286 101
427 344
212 478
420 397
200 231
73 346
445 26
108 455
271 69
286 101
9 455
170 189
461 74
18 305
12 215
18 305
150 64
170 189
62 463
408 369
232 267
429 247
221 59
20 443
189 197
369 442
85 324
12 215
316 323
124 21
124 21
155 214
7 473
200 71
141 38
427 344
369 442
123 445
210 141
7 473
183 19
1 3
154 311
17 326
141 38
78 463
477 472
31 74
369 442
445 26
176 441
253 455
180 229
140 463
160 322
447 292
124 21
461 74
316 323
375 264
124 21
108 455
323 243
427 344
73 346
166 456
200 71
461 74
140 463
18 305
73 346
92 354
286 101
72 247
177 417
232 275
200 71
150 64
71 473
354 141
441 389
461 74
427 344
7 473
177 417
88 375
72 247
202 292
176 441
323 243
456 214
72 247
50 217
243 76
441 389
371 316
323 243
253 455
88 375
221 91
88 375
44 152
263 11
461 74
390 111
453 55
161 179
166 456
316 323
354 443
199 426
7 473
92 354
354 141
248 76
187 330
59 221
430 287
177 417
452 422
445 26
243 76
202 292
170 189
18 305
160 36
430 287
200 71
88 375
161 179
150 135
166 456
59 221
12 215
452 422
123 445
12 215
202 292
141 38
85 324
20 443
200 231
92 354
300 476
210 141
221 59
141 38
88 375
202 292
180 229
72 247
44 152
31 74
212 478
170 189
78 463
1 3
155 214
88 163
88 163
221 91
468 107
468 107
200 231
72 247
15 361
85 324
166 456
88 375
140 463
300 476
72 247
354 443
25 321
31 74
212 478
316 323
31 74
408 369
176 441
371 316
31 74
88 375
199 426
59 221
17 326
271 69
15 361
170 189
18 305
170 189
95 344
20 443
63 417
461 74
44 152
12 215
59 221
31 74
408 369
447 292
241 122
248 76
420 397
468 107
253 455
72 133
84 256
14 480
429 247
410 230
17 326
7 473
253 455
177 417
154 311
200 231
477 472
445 26
232 275
44 152
160 36
44 152
421 69
316 323
183 19
78 463
123 445
85 324
468 107
375 264
200 71
270 394
410 230
12 215
300 476
210 141
18 305
155 214
270 394
396 205
180 229
221 59
99 55
200 231
31 74
410 230
160 322
221 59
59 221
232 267
212 478
430 287
88 163
62 463
390 111
124 21
200 367
180 229
263 11
160 322
146 53
72 133
189 197
108 455
408 369
408 369
189 197
88 163
155 214
141 38
371 316
72 247
468 107
210 141
420 397
200 231
212 478
160 322
420 397
453 55
25 321
72 247
161 179
7 473
85 324
63 417
372 255
71 473
248 76
63 417
150 135
124 21
271 69
62 463
31 74
166 456
248 76
71 473
253 455
92 354
84 256
445 26
210 141
253 455
212 478
271 191
182 273
317 411
106 314
432 371
443 257
101 232
225 215
96 14
53 384
77 215
92 94
5 100
25 218
254 209
201 25
245 148
283 13
206 422
100 186
148 464
160 361
202 392
240 441
199 468
350 173
164 353
142 49
417 317
31 400
330 242
248 173
387 51
361 76
170 99
378 415
255 57
65 144
116 453
189 307
300 150
287 67
59 460
448 464
351 267
193 280
77 392
99 58
107 140
411 210
447 136
456 55
332 99
262 357
254 456
424 103
164 429
236 409
281 163
279 19
71 235
228 240
45 415
115 252
305 303
301 18
15 392
365 107
55 65
250 3
7 196
213 135
250 283
162 383
124 203
88 258
356 11
368 238
20 11
195 76
168 31
19 129
237 377
301 75
317 361
425 462
142 196
68 428
294 207
22 424
212 88
274 177
152 179
249 96
368 135
129 267
296 10
197 269
442 7
409 233
172 405
200 87
114 62
432 160
202 95
306 437
17 445
472 96
50 333
351 188
11 297
35 408
53 445
86 272
37 71
6 193
196 103
363 63
386 29
265 457
112 135
255 318
110 96
357 13
14 29
394 289
207 447
335 316
212 442
196 334
283 331
472 160
3 262
277 282
338 123
256 460
231 437
209 460
100 459
135 16
91 148
298 158
442 403
336 29
81 187
31 250
63 305
35 297
208 162
455 3
457 25
336 211
293 25
125 173
78 171
10 215
235 217
300 292
101 293
246 318
41 147
168 198
403 177
351 334
249 302
213 66
132 42
204 186
411 13
475 213
262 388
199 3
382 164
249 40
127 190
257 300
442 355
235 71
7 188
56 465
346 290
311 89
24 280
437 297
36 139
319 253
343 376
234 55
154 388
222 131
300 237
29 343
332 200
436 2
221 421
382 384
88 388
168 149
258 66
249 390
355 43
213 330
53 197
169 106
4 318
437 406
403 89
448 221
98 313
137 239
136 194
52 421
432 339
405 155
302 49
426 94
453 151
449 377
394 215
79 164
373 349
457 389
414 54
392 421
154 25
467 266
40 168
95 442
362 160
374 213
231 57
80 468
109 316
295 361
96 182
286 160
15 338
464 431
175 388
153 89
437 304
199 119
311 63
242 194
400 26
457 365
212 361
179 219
112 38
160 318
363 125
110 427
343 53
457 312
368 385
450 2
418 168
410 150
402 122
14 94
103 6
122 58
378 159
298 460
218 92
343 94
31 10
121 334
48 23
116 217
148 404
98 362
246 65
294 306
322 168
366 25
53 378
438 18
146 177
212 45
38 68
329 464
141 11
233 79
135 42
447 284
75 356
62 66
403 87
438 447
419 42
353 30
351 55
128 341
454 240
290 251
119 234
233 364
317 462
437 336
105 255
252 440
266 322
359 139
468 151
266 334
291 278
367 26
243 158
226 129
449 105
416 3
121 468
251 288
87 356
381 222
166 322
7 115
222 315
65 196
113 57
174 345
159 411
40 294
421 244
326 175
77 1
393 208
321 16
319 161
165 341
286 222
195 166
358 283
434 207
337 298
471 325
61 312
291 467
303 131
20 17
44 326
245 126
355 222
27 421
51 116
409 260
350 152
432 58
256 122
58 393
422 187
355 83
293 112
416 196
316 123
126 30
287 429
299 27
180 349
8 386
3 366
402 160
63 257
156 19
347 390
22 25
219 447
72 102
397 68
12 181
266 314
225 403
355 178
163 409
178 317
314 386
135 292
252 429
377 228
302 131
417 54
213 418
443 418
377 350
398 273
305 195
282 11
203 399
439 305
168 31
230 2
17 14
155 194
262 400
244 59
398 220
94 222
458 67
186 296
412 37
213 65
392 142
107 275
272 93
439 114
395 100
215 289
401 256
123 200
352 207
62 85
409 458
356 284
338 286
94 81
399 117
342 275
431 347
74 161
468 139
261 257
166 267
91 415
175 252
374 414
379 213
467 457
270 421
21 36
417 360
67 318
464 426
417 386
91 399
51 75
378 204
149 316
363 186
450 266
179 180
386 94
30 113
296 200
254 127
139 338
304 233
446 15
203 377
394 303
459 262
67 237
364 16
255 186
75 115
243 174
281 96
145 190
355 103
191 334
227 96
323 83
42 274
385 331
301 359
145 326
436 163
105 454
