7
12
2 0 1 1 1 1 1 0 2 0 12 3
14
1 1 0 1 1 0 1 1 0 1 1 0 1 1
15
1 1 0 1 1 0 1 1 0 1 1 0 1 1 19
18
3 2 1 1 0 2 0 1 4 1 2 2 5 7 0 8 2 4
19
1 2 3 4 5 6 7 8 9 0 9 8 7 6 5 4 3 2 1
100
13 21 49 6 92 22 93 20 3 48 64 57 33 95 55 16 81 62 62 87 46 42 81 72 21 31 11 64 2 25 42 59 82 20 73 53 63 12 3 42 38 94 22 22 3 68 29 86 51 27 20 36 81 64 88 62 89 78 35 63 71 65 51 35 23 21 35 71 38 39 80 70 15 18 85 28 47 51 46 38 33 37 56 96 66 69 14 4 45 46 13 49 63 61 49 33 19 13 21 49 
1000
27 38 73 135 224 343 495 680 901 164 463 804 193 624 106 636 220 855 550 302 114 986 924 928 4 146 360 649 16 458 981 588 279 57 919 874 922 66 303 639 77 614 259 9 864 833 913 110 421 849 400 74 868 791 843 27 340 788 374 98 960 966 119 416 860 457 207 110 169 387 764 306 13 882 922 136 518 77 810 723 816 95 554 202 39 65 283 696 307 116 126 337 752 377 209 251 506 974 661 567 692 42 614 414 442 701 194 918 882 86 527 214 144 320 745 422 351 535 974 674 635 857 346 102 125 418 984 826 944 344 23 981 230 761 583 696 103 801 799 97 692 593 797 310 132 263 706 467 543 937 655 694 60 750 770 123 806 825 183 877 913 294 20 91 510 283 407 885 723 918 476 397 681 334 356 747 513 654 173 70 348 10 56 489 312 525 134 136 534 334 533 137 146 560 385 621 271 335 816 717 41 785 955 554 582 42 931 261 26 229 873 961 496 478 907 789 127 915 165 871 42 672 770 336 370 875 854 310 243 653 546 922 784 135 972 304 128 447 264 579 398 718 545 879 723 80 947 333 235 656 599 67 60 578 627 210 324 972 163 888 159 970 330 236 691 698 260 377 52 285 82 440 365 857 919 554 762 546 906 848 372 478 172 451 321 782 837 489 738 587 39 94 752 22 898 389 492 213 549 506 87 289 118 574 660 379 731 719 346 612 520 73 271 117 611 759 561 20 136 909 348 450 218 652 758 536 986 117 920 407 575 427 963 192 108 714 19 17 711 110 208 11 519 735 662 303 655 724 513 22 251 206 884 294 433 304 907 251 330 150 711 19 71 870 422 724 782 596 169 501 595 454 81 473 636 573 284 769 37 82 907 521 918 107 85 852 417 777 935 894 657 224 595 776 767 571 191 624 876 950 846 567 116 490 695 734 607 317 864 254 484 560 482 253 873 348 675 860 903 807 575 207 703 72 308 417 402 263 3 622 126 512 786 948 4 948 789 527 165 700 141 485 735 894 965 948 846 662 396 51 627 130 557 914 204 424 580 672 703 676 591 451 259 15 719 380 992 564 96 585 40 458 842 198 523 820 95 345 573 782 975 155 319 473 617 754 887 19 147 277 409 546 691 844 11 189 381 590 819 71 343 641 965 321 706 126 578 71 599 171 784 444 151 905 712 572 488 460 491 584 739 959 250 606 36 537 115 767 502 317 215 199 269 428 679 25 463 2 636 374 216 162 215 378 651 40 542 163 900 762 746 855 95 460 956 589 356 260 304 488 815 291 910 681 604 679 909 300 846 556 430 468 673 51 596 317 214 287 539 973 592 396 388 568 939 507 269 228 387 746 311 82 59 245 643 256 84 130 394 879 591 527 690 86 709 568 663 994 567 382 439 741 294 95 147 453 16 833 913 256 859 731 869 279 958 912 144 651 439 508 861 501 428 645 155 955 57 452 149 148 449 58 972 200 736 589 756 243 50 177 627 406 511 945 714 815 254 31 146 602 405 552 49 893 93 643 552 817 444 433 784 503 590 48 874 80 657 614 951 671 774 266 144 411 73 127 576 426 674 326 382 842 712 992 685 791 316 257 617 402 609 244 307 798 723 85 878 114 787 903 465 473 927 833 194 7 275 4 191 839 954 536 585 107 99 564 508 928 830 217 86 440 285 618 445 766 584 899 717 38 859 192 31 379 242 617 510 921 853 309 289 793 827 394 491 124 293 1 248 40 374 256 686 667 202 291 934 140 903 232 124 582 609 208 379 125 446 348 828 892 543 778 603 21 29 630 830 629 30 33 638 851 675 110 156 816 96 990 510 650 416 808 829 482 767 687 245 441 278 756 881 653 75 147 869 250 287 980 338 358 43 393 414 106 469 509 226 620 697 457 900 35 853 366 571 471 69 365 362 63 468 580 402 934 182 143 820 219 337 180 745 41 65 817 306 529 489 189 629 812 741 419 843 22 950 636 80 282 245 969 463 721 749 550 124 471 597 502 189 658 912 954 787 411 826 41 50 856 468 880 101 128 961 609 72 347 440 354 89 645 31 241 281 154 857 399 777 994 56 957 706 303 748 47 197 204 68 789 376 823 139 321 372 295 93 763 314 743 56 250 331 299 157 905 549 89 525 860 100 242 289 244 110 884 575 183 705 150 515 803 20 163 235 239 178 52 861 614 308 943 528 60 539 971 359 700 3 262 483 669 820 939 32 93 128 140 129 98 50 982 903 813 712 603 489 370 249 129 10 892 784 683 592 514 449 400 370 359 370 406
